Car -1 -1 -10 754 181 892 271 1.5 1.8 4.2 3.442 1.611 13.946 1.571 0.999
Car -1 -1 -10 -5 206 327 374 1.5 1.8 4.2 -3.038 1.334 6.887 1.571 0.991
Car -1 -1 -10 636 174 708 212 1.5 1.8 4.2 2.341 1.507 29.875 1.571 0.984
Car -1 -1 -10 831 178 1269 380 1.5 1.8 4.2 3.043 1.460 7.186 1.571 0.981
Car -1 -1 -10 482 174 570 238 1.5 1.8 4.2 -2.185 1.655 20.434 1.571 0.959
Car -1 -1 -10 823 167 857 181 1.5 1.8 4.2 17.321 0.614 56.527 1.571 0.918
Car -1 -1 -10 967 155 1005 189 1.5 1.8 4.2 16.533 0.711 33.908 1.571 0.883
Car -1 -1 -10 903 156 969 196 1.5 1.8 4.2 14.378 1.024 34.018 1.571 0.830
Car -1 -1 -10 709 170 735 196 1.5 1.8 4.2 6.277 1.248 42.781 1.571 0.754
Car -1 -1 -10 795 170 825 182 1.5 1.8 4.2 15.284 0.700 57.343 1.571 0.725
Car -1 -1 -10 736 161 790 189 1.5 1.8 4.2 11.179 1.183 54.958 1.571 0.659
Car -1 -1 -10 316 168 474 280 1.5 1.8 4.2 -3.588 1.760 13.956 1.571 0.655
Car -1 -1 -10 318 185 352 203 1.5 1.8 4.2 -19.663 2.152 53.611 1.571 0.598
