Car -1 -1 -10 722 169 756 195 1.5 1.8 4.2 6.536 1.078 38.881 1.571 0.960
Car -1 -1 -10 632 171 680 199 1.5 1.8 4.2 2.111 1.223 35.864 1.571 0.956
Car -1 -1 -10 1202 155 1236 171 1.5 1.8 4.2 43.340 -0.132 53.485 1.571 0.906
Car -1 -1 -10 349 183 413 217 1.5 1.8 4.2 -8.284 1.588 28.054 1.571 0.887
Car -1 -1 -10 486 179 520 205 1.5 1.8 4.2 -5.679 1.589 40.132 1.571 0.866
Car -1 -1 -10 686 172 704 186 1.5 1.8 4.2 7.072 1.097 62.348 1.571 0.852
Car -1 -1 -10 698 173 714 185 1.5 1.8 4.2 7.423 0.942 58.103 1.571 0.835
Car -1 -1 -10 1170 156 1202 174 1.5 1.8 4.2 41.039 0.081 53.546 1.571 0.825
Car -1 -1 -10 1039 155 1079 181 1.5 1.8 4.2 26.974 0.189 45.504 1.571 0.702
Car -1 -1 -10 295 192 317 206 1.5 1.8 4.2 -23.834 2.595 58.605 1.571 0.653
Car -1 -1 -10 1136 153 1172 179 1.5 1.8 4.2 35.291 0.074 48.953 1.571 0.604
Car -1 -1 -10 533 180 565 196 1.5 1.8 4.2 -4.619 1.741 56.396 1.571 0.573
Car -1 -1 -10 674 173 688 185 1.5 1.8 4.2 5.765 0.990 60.955 1.571 0.568
Car -1 -1 -10 1103 154 1139 180 1.5 1.8 4.2 28.822 0.121 42.850 1.571 0.526
