Car -1 -1 -10 496 170 576 230 1.5 1.8 4.2 -1.930 1.451 20.420 1.571 0.988
Car -1 -1 -10 592 177 684 245 1.5 1.8 4.2 0.486 1.389 15.997 1.571 0.978
Car -1 -1 -10 1069 135 1201 197 1.5 1.8 4.2 13.272 0.612 20.410 1.571 0.957
Car -1 -1 -10 992 149 1078 179 1.5 1.8 4.2 20.145 0.292 36.371 1.571 0.938
Car -1 -1 -10 158 188 250 210 1.5 1.8 4.2 -26.685 2.438 49.465 1.571 0.922
Car -1 -1 -10 36 193 100 221 1.5 1.8 4.2 -30.012 2.662 42.003 1.571 0.874
Car -1 -1 -10 1197 134 1290 196 1.5 1.8 4.2 13.285 0.506 17.876 1.571 0.853
Car -1 -1 -10 568 170 598 188 1.5 1.8 4.2 -2.258 1.252 61.759 1.571 0.756
Car -1 -1 -10 732 166 752 180 1.5 1.8 4.2 10.615 0.576 60.267 1.571 0.729
Car -1 -1 -10 260 189 284 199 1.5 1.8 4.2 -24.508 1.893 54.353 1.571 0.535
