Car -1 -1 -10 297 198 471 314 1.5 1.8 4.2 -2.657 1.623 10.400 1.571 0.998
Car -1 -1 -10 692 179 802 253 1.5 1.8 4.2 2.440 1.459 15.236 1.571 0.991
Car -1 -1 -10 508 180 558 218 1.5 1.8 4.2 -2.660 1.532 26.583 1.571 0.985
Car -1 -1 -10 418 179 508 255 1.5 1.8 4.2 -2.458 1.342 13.894 1.571 0.932
Car -1 -1 -10 552 177 572 203 1.5 1.8 4.2 -2.201 1.266 34.553 1.571 0.927
Car -1 -1 -10 660 171 733 219 1.5 1.8 4.2 2.020 1.383 23.734 1.571 0.920
Car -1 -1 -10 633 169 655 195 1.5 1.8 4.2 2.181 1.247 49.093 1.571 0.915
Car -1 -1 -10 576 174 586 184 1.5 1.8 4.2 -2.412 0.917 61.476 1.571 0.822
Car -1 -1 -10 673 174 752 226 1.5 1.8 4.2 2.127 1.428 21.495 1.571 0.803
Car -1 -1 -10 619 171 633 183 1.5 1.8 4.2 1.178 0.765 56.545 1.571 0.650
