Car -1 -1 -10 909 210 1237 376 1.5 1.8 4.2 3.025 1.353 6.907 1.571 0.998
Car -1 -1 -10 142 201 370 327 1.5 1.8 4.2 -4.278 1.838 10.703 1.571 0.997
Car -1 -1 -10 726 182 818 244 1.5 1.8 4.2 3.098 1.384 16.137 1.571 0.995
Car -1 -1 -10 436 185 492 235 1.5 1.8 4.2 -4.023 1.691 21.733 1.571 0.994
Car -1 -1 -10 780 186 960 286 1.5 1.8 4.2 3.193 1.414 11.120 1.571 0.990
Car -1 -1 -10 351 192 451 258 1.5 1.8 4.2 -4.127 1.659 16.161 1.571 0.981
Car -1 -1 -10 511 178 561 208 1.5 1.8 4.2 -3.578 1.680 36.586 1.571 0.949
Car -1 -1 -10 699 176 751 224 1.5 1.8 4.2 3.165 1.430 22.271 1.571 0.911
Car -1 -1 -10 1068 174 1170 204 1.5 1.8 4.2 10.989 0.675 17.752 1.571 0.790
Car -1 -1 -10 573 175 611 189 1.5 1.8 4.2 -1.534 1.353 62.568 1.571 0.668
Car -1 -1 -10 692 178 728 218 1.5 1.8 4.2 3.148 1.443 25.159 1.571 0.642
