Car -1 -1 -10 800 187 1134 369 1.5 1.8 4.2 2.525 1.419 7.322 1.571 0.998
Car -1 -1 -10 443 178 509 222 1.5 1.8 4.2 -4.424 1.605 25.663 1.571 0.989
Car -1 -1 -10 666 177 754 237 1.5 1.8 4.2 2.241 1.471 18.647 1.571 0.964
Car -1 -1 -10 4 198 290 382 1.5 1.8 4.2 -3.727 1.657 7.817 1.571 0.943
Car -1 -1 -10 745 182 869 288 1.5 1.8 4.2 2.508 1.499 11.493 1.571 0.886
Car -1 -1 -10 251 171 355 231 1.5 1.8 4.2 -8.376 1.577 21.669 1.571 0.872
Car -1 -1 -10 462 172 519 210 1.5 1.8 4.2 -4.133 1.419 29.664 1.571 0.810
Car -1 -1 -10 583 172 607 186 1.5 1.8 4.2 -1.240 1.063 60.452 1.571 0.690
Car -1 -1 -10 536 174 556 190 1.5 1.8 4.2 -5.290 1.410 61.451 1.571 0.676
Car -1 -1 -10 656 178 692 216 1.5 1.8 4.2 1.833 1.268 23.317 1.571 0.614
Car -1 -1 -10 490 174 540 206 1.5 1.8 4.2 -3.891 1.556 35.972 1.571 0.563
