Car -1 -1 -10 638 184 758 246 1.5 1.8 4.2 1.837 1.570 17.594 1.571 0.998
Car -1 -1 -10 773 173 851 213 1.5 1.8 4.2 7.280 1.456 28.269 1.571 0.990
Car -1 -1 -10 13 173 471 347 1.5 1.8 4.2 -3.677 1.712 9.196 1.571 0.988
Car -1 -1 -10 1072 192 1240 324 1.5 1.8 4.2 5.687 1.590 9.691 1.571 0.983
Car -1 -1 -10 999 173 1099 239 1.5 1.8 4.2 10.388 1.573 19.258 1.571 0.920
Car -1 -1 -10 870 168 918 194 1.5 1.8 4.2 15.716 1.062 42.126 1.571 0.832
Car -1 -1 -10 844 171 874 195 1.5 1.8 4.2 12.335 1.100 37.959 1.571 0.818
Car -1 -1 -10 969 167 1007 185 1.5 1.8 4.2 25.722 0.827 51.260 1.571 0.767
Car -1 -1 -10 1061 164 1101 186 1.5 1.8 4.2 30.966 0.865 49.589 1.571 0.679
Car -1 -1 -10 597 174 629 186 1.5 1.8 4.2 0.183 0.938 53.589 1.571 0.641
