Car -1 -1 -10 24 190 228 268 1.5 1.8 4.2 -9.855 1.926 16.712 1.571 0.999
Car -1 -1 -10 232 176 310 214 1.5 1.8 4.2 -13.265 1.604 30.238 1.571 0.982
Car -1 -1 -10 573 183 753 347 1.5 1.8 4.2 0.384 1.453 8.122 1.571 0.947
Car -1 -1 -10 345 180 423 214 1.5 1.8 4.2 -9.198 1.666 31.325 1.571 0.921
Car -1 -1 -10 510 176 544 202 1.5 1.8 4.2 -5.039 1.576 45.594 1.571 0.916
Car -1 -1 -10 711 172 835 230 1.5 1.8 4.2 4.291 1.522 21.316 1.571 0.873
Car -1 -1 -10 583 175 605 187 1.5 1.8 4.2 -1.285 1.112 58.815 1.571 0.806
Car -1 -1 -10 1171 193 1239 363 1.5 1.8 4.2 2.622 0.857 5.352 1.571 0.761
Car -1 -1 -10 418 180 452 206 1.5 1.8 4.2 -8.613 1.623 37.443 1.571 0.621
Car -1 -1 -10 53 184 91 210 1.5 1.8 4.2 -19.329 1.295 27.961 1.571 0.576
