Car -1 -1 -10 833 167 1101 345 1.5 1.8 4.2 3.285 1.612 8.856 1.571 0.999
Car -1 -1 -10 1077 178 1237 378 1.5 1.8 4.2 2.729 1.046 5.779 1.571 0.990
Car -1 -1 -10 772 177 870 269 1.5 1.8 4.2 3.031 1.406 12.654 1.571 0.988
Car -1 -1 -10 704 177 744 221 1.5 1.8 4.2 3.176 1.362 22.519 1.571 0.967
Car -1 -1 -10 460 179 500 209 1.5 1.8 4.2 -5.897 1.628 34.594 1.571 0.927
Car -1 -1 -10 588 174 638 212 1.5 1.8 4.2 0.061 1.402 27.949 1.571 0.876
Car -1 -1 -10 665 175 695 205 1.5 1.8 4.2 2.916 1.359 32.604 1.571 0.670
Car -1 -1 -10 1042 162 1130 188 1.5 1.8 4.2 27.162 0.694 43.329 1.571 0.591
Car -1 -1 -10 437 177 459 193 1.5 1.8 4.2 -11.472 1.422 53.056 1.571 0.556
Car -1 -1 -10 722 169 836 241 1.5 1.8 4.2 3.347 1.371 16.615 1.571 0.546
