Car -1 -1 -10 959 157 1239 345 1.5 1.8 4.2 4.426 1.578 8.716 1.571 0.998
Car -1 -1 -10 76 191 432 369 1.5 1.8 4.2 -3.291 1.781 8.653 1.571 0.996
Car -1 -1 -10 397 192 495 270 1.5 1.8 4.2 -3.046 1.772 15.261 1.571 0.991
Car -1 -1 -10 472 181 530 245 1.5 1.8 4.2 -2.652 1.721 19.312 1.571 0.990
Car -1 -1 -10 883 164 987 248 1.5 1.8 4.2 4.842 1.132 12.972 1.571 0.966
Car -1 -1 -10 692 179 768 235 1.5 1.8 4.2 2.779 1.466 19.122 1.571 0.959
Car -1 -1 -10 753 167 827 211 1.5 1.8 4.2 6.107 1.304 26.768 1.571 0.920
Car -1 -1 -10 516 177 550 213 1.5 1.8 4.2 -2.940 1.509 29.224 1.571 0.904
Car -1 -1 -10 731 171 793 217 1.5 1.8 4.2 4.418 1.297 23.304 1.571 0.755
Car -1 -1 -10 843 157 883 171 1.5 1.8 4.2 20.333 -0.149 60.165 1.571 0.743
Car -1 -1 -10 523 183 565 211 1.5 1.8 4.2 -2.298 1.622 32.789 1.571 0.710
