Car -1 -1 -10 7 223 213 371 1.5 1.8 4.2 -4.122 1.610 7.963 1.571 0.994
Car -1 -1 -10 30 183 280 313 1.5 1.8 4.2 -5.091 1.550 10.082 1.571 0.993
Car -1 -1 -10 764 191 996 319 1.5 1.8 4.2 2.599 1.438 9.201 1.571 0.992
Car -1 -1 -10 845 177 1071 269 1.5 1.8 4.2 6.047 1.685 14.751 1.571 0.959
Car -1 -1 -10 707 177 777 221 1.5 1.8 4.2 4.601 1.695 27.503 1.571 0.933
Car -1 -1 -10 323 175 433 241 1.5 1.8 4.2 -5.009 1.455 17.513 1.571 0.879
Car -1 -1 -10 762 178 850 238 1.5 1.8 4.2 4.380 1.473 18.415 1.571 0.865
Car -1 -1 -10 193 188 367 274 1.5 1.8 4.2 -4.970 1.506 12.845 1.571 0.856
Car -1 -1 -10 460 180 528 212 1.5 1.8 4.2 -5.396 1.806 35.402 1.571 0.752
Car -1 -1 -10 630 179 670 203 1.5 1.8 4.2 1.994 1.533 38.791 1.571 0.698
