Car -1 -1 -10 622 175 822 307 1.5 1.8 4.2 1.265 1.583 10.617 1.571 0.997
Car -1 -1 -10 232 177 690 383 1.5 1.8 4.2 -1.076 1.434 7.024 1.571 0.995
Car -1 -1 -10 814 176 930 258 1.5 1.8 4.2 4.916 1.615 15.787 1.571 0.986
Car -1 -1 -10 1155 226 1243 370 1.5 1.8 4.2 4.892 1.657 8.165 1.571 0.984
Car -1 -1 -10 1124 195 1206 255 1.5 1.8 4.2 13.594 2.019 19.840 1.571 0.982
Car -1 -1 -10 957 178 1025 216 1.5 1.8 4.2 15.432 1.752 31.409 1.571 0.973
Car -1 -1 -10 1113 182 1147 204 1.5 1.8 4.2 42.283 2.534 60.808 1.571 0.921
Car -1 -1 -10 1044 175 1072 193 1.5 1.8 4.2 35.792 1.610 59.790 1.571 0.871
Car -1 -1 -10 1077 176 1093 188 1.5 1.8 4.2 39.610 1.264 62.307 1.571 0.737
Car -1 -1 -10 1009 181 1035 207 1.5 1.8 4.2 18.680 1.551 34.888 1.571 0.582
