Car -1 -1 -10 658 184 754 248 1.5 1.8 4.2 2.023 1.624 17.697 1.571 0.997
Car -1 -1 -10 204 198 488 358 1.5 1.8 4.2 -2.171 1.481 7.874 1.571 0.992
Car -1 -1 -10 548 183 598 217 1.5 1.8 4.2 -1.325 1.524 27.016 1.571 0.973
Car -1 -1 -10 149 183 325 263 1.5 1.8 4.2 -6.449 1.545 14.469 1.571 0.916
Car -1 -1 -10 414 182 480 240 1.5 1.8 4.2 -4.096 1.666 20.003 1.571 0.858
Car -1 -1 -10 298 178 346 204 1.5 1.8 4.2 -16.068 1.622 42.261 1.571 0.854
Car -1 -1 -10 644 185 705 225 1.5 1.8 4.2 1.455 1.568 23.800 1.571 0.849
Car -1 -1 -10 -1 258 313 380 1.5 1.8 4.2 -4.827 2.176 9.680 1.571 0.845
Car -1 -1 -10 54 194 160 238 1.5 1.8 4.2 -6.491 0.833 11.330 1.571 0.717
Car -1 -1 -10 469 182 523 214 1.5 1.8 4.2 -5.224 1.870 34.898 1.571 0.695
Car -1 -1 -10 512 179 542 205 1.5 1.8 4.2 -4.454 1.550 40.479 1.571 0.632
Car -1 -1 -10 378 182 418 198 1.5 1.8 4.2 -15.416 1.825 54.467 1.571 0.597
Car -1 -1 -10 614 185 642 211 1.5 1.8 4.2 0.688 1.551 31.445 1.571 0.579
