Car -1 -1 -10 869 175 1071 309 1.5 1.8 4.2 3.520 1.353 9.271 1.571 0.999
Car -1 -1 -10 245 176 349 222 1.5 1.8 4.2 -9.946 1.554 24.917 1.571 0.997
Car -1 -1 -10 1021 166 1233 384 1.5 1.8 4.2 2.765 1.153 6.042 1.571 0.996
Car -1 -1 -10 345 175 397 213 1.5 1.8 4.2 -9.731 1.627 31.345 1.571 0.977
Car -1 -1 -10 588 171 650 227 1.5 1.8 4.2 0.181 1.395 20.689 1.571 0.970
Car -1 -1 -10 794 165 922 261 1.5 1.8 4.2 3.814 1.375 13.358 1.571 0.960
Car -1 -1 -10 391 176 439 208 1.5 1.8 4.2 -9.374 1.682 36.635 1.571 0.911
Car -1 -1 -10 676 169 736 209 1.5 1.8 4.2 2.537 1.139 24.847 1.571 0.822
Car -1 -1 -10 653 168 675 194 1.5 1.8 4.2 2.911 0.991 41.504 1.571 0.583
Car -1 -1 -10 709 149 823 231 1.5 1.8 4.2 3.679 1.390 19.356 1.571 0.571
