Car -1 -1 -10 746 181 874 253 1.5 1.8 4.2 3.430 1.396 14.672 1.571 0.998
Car -1 -1 -10 372 179 430 205 1.5 1.8 4.2 -11.825 1.644 42.795 1.571 0.910
Car -1 -1 -10 635 171 695 197 1.5 1.8 4.2 3.047 1.298 42.567 1.571 0.826
Car -1 -1 -10 588 179 604 187 1.5 1.8 4.2 -1.113 1.096 58.023 1.571 0.722
Car -1 -1 -10 567 180 591 188 1.5 1.8 4.2 -2.573 1.244 61.393 1.571 0.671
Car -1 -1 -10 622 178 638 186 1.5 1.8 4.2 1.660 1.108 62.907 1.571 0.632
Car -1 -1 -10 982 165 1058 191 1.5 1.8 4.2 25.434 0.816 46.922 1.571 0.595
Car -1 -1 -10 605 176 625 186 1.5 1.8 4.2 0.374 1.053 59.927 1.571 0.576
Car -1 -1 -10 558 179 574 187 1.5 1.8 4.2 -3.469 1.106 58.527 1.571 0.575
Car -1 -1 -10 1170 153 1236 181 1.5 1.8 4.2 45.199 0.621 57.131 1.571 0.551
Car -1 -1 -10 269 184 309 200 1.5 1.8 4.2 -21.793 1.840 51.014 1.571 0.524
