Car -1 -1 -10 782 207 1072 371 1.5 1.8 4.2 2.442 1.563 7.791 1.571 0.998
Car -1 -1 -10 -1 192 139 362 1.5 1.8 4.2 -4.665 1.610 8.244 1.571 0.996
Car -1 -1 -10 1000 217 1232 371 1.5 1.8 4.2 3.911 1.554 7.761 1.571 0.992
Car -1 -1 -10 6 160 300 336 1.5 1.8 4.2 -4.952 1.747 9.828 1.571 0.991
Car -1 -1 -10 709 188 849 278 1.5 1.8 4.2 2.476 1.575 12.908 1.571 0.987
Car -1 -1 -10 663 185 727 227 1.5 1.8 4.2 2.519 1.635 23.894 1.571 0.980
Car -1 -1 -10 309 181 419 245 1.5 1.8 4.2 -4.797 1.391 16.013 1.571 0.969
Car -1 -1 -10 640 181 680 213 1.5 1.8 4.2 2.146 1.757 33.680 1.571 0.926
Car -1 -1 -10 396 184 474 228 1.5 1.8 4.2 -5.283 1.649 23.678 1.571 0.914
Car -1 -1 -10 428 175 508 217 1.5 1.8 4.2 -5.086 1.566 27.706 1.571 0.753
Car -1 -1 -10 145 168 333 264 1.5 1.8 4.2 -5.175 1.257 12.055 1.571 0.707
Car -1 -1 -10 501 181 527 207 1.5 1.8 4.2 -4.371 1.539 34.631 1.571 0.559
