Car -1 -1 -10 304 190 554 298 1.5 1.8 4.2 -2.438 1.647 11.595 1.571 0.976
Car -1 -1 -10 596 178 658 210 1.5 1.8 4.2 0.611 1.433 29.942 1.571 0.970
Car -1 -1 -10 1201 155 1237 171 1.5 1.8 4.2 42.086 -0.129 52.001 1.571 0.898
Car -1 -1 -10 1171 157 1203 175 1.5 1.8 4.2 41.351 0.154 53.848 1.571 0.811
Car -1 -1 -10 696 174 714 188 1.5 1.8 4.2 6.979 1.117 55.334 1.571 0.808
Car -1 -1 -10 688 173 706 187 1.5 1.8 4.2 6.651 1.086 57.492 1.571 0.708
Car -1 -1 -10 1137 153 1173 179 1.5 1.8 4.2 34.794 0.073 48.209 1.571 0.672
Car -1 -1 -10 1039 155 1079 181 1.5 1.8 4.2 27.125 0.190 45.747 1.571 0.667
Car -1 -1 -10 674 177 686 187 1.5 1.8 4.2 5.626 1.142 60.370 1.571 0.657
Car -1 -1 -10 1103 154 1141 180 1.5 1.8 4.2 29.903 0.184 44.292 1.571 0.646
Car -1 -1 -10 653 174 673 186 1.5 1.8 4.2 4.184 1.044 59.437 1.571 0.570
