Car -1 -1 -10 780 166 1096 260 1.5 1.8 4.2 5.008 1.345 13.239 1.571 0.998
Car -1 -1 -10 391 186 461 240 1.5 1.8 4.2 -5.227 1.889 22.403 1.571 0.993
Car -1 -1 -10 484 181 552 229 1.5 1.8 4.2 -2.873 1.724 24.254 1.571 0.985
Car -1 -1 -10 1133 146 1245 186 1.5 1.8 4.2 21.174 0.481 28.544 1.571 0.975
Car -1 -1 -10 781 154 901 196 1.5 1.8 4.2 8.871 0.893 29.949 1.571 0.963
Car -1 -1 -10 451 184 489 226 1.5 1.8 4.2 -4.930 1.854 27.269 1.571 0.919
Car -1 -1 -10 616 180 640 200 1.5 1.8 4.2 1.174 1.820 50.487 1.571 0.893
Car -1 -1 -10 1083 150 1155 182 1.5 1.8 4.2 19.684 0.354 30.068 1.571 0.830
Car -1 -1 -10 592 179 624 201 1.5 1.8 4.2 -0.165 1.853 49.612 1.571 0.822
Car -1 -1 -10 1050 149 1126 179 1.5 1.8 4.2 19.777 0.255 32.019 1.571 0.797
Car -1 -1 -10 541 176 563 190 1.5 1.8 4.2 -4.731 1.390 60.623 1.571 0.778
Car -1 -1 -10 646 175 684 205 1.5 1.8 4.2 2.408 1.432 34.249 1.571 0.709
