Car -1 -1 -10 666 186 764 248 1.5 1.8 4.2 2.192 1.606 17.523 1.571 0.998
Car -1 -1 -10 8 218 272 374 1.5 1.8 4.2 -2.258 0.940 5.474 1.571 0.994
Car -1 -1 -10 444 198 530 260 1.5 1.8 4.2 -2.758 1.917 17.974 1.571 0.992
Car -1 -1 -10 890 178 1240 382 1.5 1.8 4.2 2.238 1.056 5.743 1.571 0.989
Car -1 -1 -10 534 187 570 213 1.5 1.8 4.2 -3.316 2.269 42.886 1.571 0.919
Car -1 -1 -10 642 182 680 220 1.5 1.8 4.2 1.603 1.526 25.457 1.571 0.914
Car -1 -1 -10 659 186 731 234 1.5 1.8 4.2 1.590 1.544 20.319 1.571 0.806
Car -1 -1 -10 585 184 597 196 1.5 1.8 4.2 -1.666 2.000 64.448 1.571 0.733
Car -1 -1 -10 636 180 681 210 1.5 1.8 4.2 1.685 1.831 37.666 1.571 0.730
Car -1 -1 -10 610 181 622 191 1.5 1.8 4.2 0.447 1.434 59.149 1.571 0.669
