Car -1 -1 -10 815 185 1059 343 1.5 1.8 4.2 3.413 1.806 9.758 1.571 0.999
Car -1 -1 -10 1015 215 1227 369 1.5 1.8 4.2 3.062 1.198 6.507 1.571 0.998
Car -1 -1 -10 752 185 856 259 1.5 1.8 4.2 3.678 1.657 15.978 1.571 0.998
Car -1 -1 -10 230 190 458 320 1.5 1.8 4.2 -3.223 1.751 10.688 1.571 0.998
Car -1 -1 -10 420 186 502 264 1.5 1.8 4.2 -2.891 1.735 15.837 1.571 0.989
Car -1 -1 -10 545 182 603 218 1.5 1.8 4.2 -1.368 1.657 28.589 1.571 0.982
Car -1 -1 -10 442 172 544 240 1.5 1.8 4.2 -2.887 2.005 23.652 1.571 0.974
Car -1 -1 -10 651 176 709 204 1.5 1.8 4.2 3.540 1.592 38.998 1.571 0.960
Car -1 -1 -10 719 180 791 234 1.5 1.8 4.2 4.253 1.814 23.510 1.571 0.959
Car -1 -1 -10 812 172 842 186 1.5 1.8 4.2 16.253 0.986 56.239 1.571 0.827
Car -1 -1 -10 872 161 928 191 1.5 1.8 4.2 15.015 0.942 39.557 1.571 0.573
Car -1 -1 -10 759 169 795 185 1.5 1.8 4.2 13.305 0.969 59.704 1.571 0.527
