Car -1 -1 -10 732 177 888 269 1.5 1.8 4.2 2.921 1.431 12.838 1.571 0.999
Car -1 -1 -10 53 206 319 324 1.5 1.8 4.2 -5.451 1.923 11.280 1.571 0.994
Car -1 -1 -10 311 195 435 253 1.5 1.8 4.2 -5.603 1.877 18.999 1.571 0.987
Car -1 -1 -10 703 176 777 240 1.5 1.8 4.2 2.812 1.479 17.999 1.571 0.982
Car -1 -1 -10 1044 148 1230 236 1.5 1.8 4.2 7.947 0.959 13.057 1.571 0.961
Car -1 -1 -10 578 173 608 191 1.5 1.8 4.2 -1.401 1.467 60.450 1.571 0.920
Car -1 -1 -10 674 183 714 217 1.5 1.8 4.2 3.053 1.628 28.717 1.571 0.885
Car -1 -1 -10 418 190 474 232 1.5 1.8 4.2 -5.276 1.885 25.103 1.571 0.869
Car -1 -1 -10 512 182 544 200 1.5 1.8 4.2 -5.701 1.876 51.981 1.571 0.838
Car -1 -1 -10 647 176 677 204 1.5 1.8 4.2 2.520 1.533 37.632 1.571 0.774
Car -1 -1 -10 1189 158 1241 254 1.5 1.8 4.2 8.034 1.085 11.749 1.571 0.694
Car -1 -1 -10 470 183 518 213 1.5 1.8 4.2 -5.030 1.726 33.120 1.571 0.682
Car -1 -1 -10 1 232 29 372 1.5 1.8 4.2 -5.943 1.969 9.236 1.571 0.506
