Car -1 -1 -10 251 202 369 294 1.5 1.8 4.2 -5.226 2.088 14.537 1.571 0.997
Car -1 -1 -10 369 203 491 283 1.5 1.8 4.2 -3.215 1.934 14.771 1.571 0.996
Car -1 -1 -10 -4 209 272 355 1.5 1.8 4.2 -5.282 1.999 10.020 1.571 0.989
Car -1 -1 -10 1149 180 1241 274 1.5 1.8 4.2 10.157 1.765 14.695 1.571 0.986
Car -1 -1 -10 614 185 642 211 1.5 1.8 4.2 0.973 2.028 42.595 1.571 0.919
Car -1 -1 -10 460 179 528 247 1.5 1.8 4.2 -3.103 1.951 21.085 1.571 0.914
Car -1 -1 -10 538 188 562 214 1.5 1.8 4.2 -3.826 2.474 47.703 1.571 0.845
Car -1 -1 -10 550 186 574 206 1.5 1.8 4.2 -3.639 2.493 56.373 1.571 0.758
Car -1 -1 -10 637 188 711 214 1.5 1.8 4.2 2.695 1.717 32.970 1.571 0.739
Car -1 -1 -10 361 195 441 233 1.5 1.8 4.2 -5.558 1.585 21.113 1.571 0.630
