Car -1 -1 -10 847 169 939 215 1.5 1.8 4.2 8.333 1.248 23.472 1.571 0.996
Car -1 -1 -10 353 190 459 278 1.5 1.8 4.2 -3.207 1.624 13.249 1.571 0.992
Car -1 -1 -10 445 185 509 243 1.5 1.8 4.2 -3.208 1.664 19.224 1.571 0.983
Car -1 -1 -10 810 172 868 208 1.5 1.8 4.2 7.980 1.232 27.391 1.571 0.973
Car -1 -1 -10 11 184 395 376 1.5 1.8 4.2 -2.041 0.988 5.611 1.571 0.968
Car -1 -1 -10 893 166 1231 384 1.5 1.8 4.2 2.137 1.026 5.607 1.571 0.965
Car -1 -1 -10 504 177 560 217 1.5 1.8 4.2 -2.954 1.646 29.001 1.571 0.956
Car -1 -1 -10 669 177 729 223 1.5 1.8 4.2 2.680 1.537 24.222 1.571 0.953
Car -1 -1 -10 927 171 1009 211 1.5 1.8 4.2 9.513 1.019 21.375 1.571 0.853
Car -1 -1 -10 962 157 1154 241 1.5 1.8 4.2 6.764 1.037 13.083 1.571 0.662
