Car -1 -1 -10 534 185 676 267 1.5 1.8 4.2 -0.140 1.600 14.364 1.571 0.998
Car -1 -1 -10 -4 215 118 371 1.5 1.8 4.2 -5.817 2.063 9.614 1.571 0.995
Car -1 -1 -10 48 205 184 295 1.5 1.8 4.2 -7.565 1.856 13.068 1.571 0.986
Car -1 -1 -10 431 181 497 217 1.5 1.8 4.2 -5.219 1.564 27.663 1.571 0.985
Car -1 -1 -10 689 143 1211 367 1.5 1.8 4.2 3.382 1.964 9.400 1.571 0.970
Car -1 -1 -10 619 168 711 200 1.5 1.8 4.2 2.092 1.054 30.132 1.571 0.940
Car -1 -1 -10 256 186 308 212 1.5 1.8 4.2 -16.671 1.985 38.685 1.571 0.920
Car -1 -1 -10 340 183 360 193 1.5 1.8 4.2 -21.890 1.694 62.779 1.571 0.751
Car -1 -1 -10 293 181 319 207 1.5 1.8 4.2 -19.487 1.929 48.272 1.571 0.742
Car -1 -1 -10 413 178 431 192 1.5 1.8 4.2 -14.780 1.502 58.720 1.571 0.690
Car -1 -1 -10 303 183 325 197 1.5 1.8 4.2 -22.059 1.797 55.801 1.571 0.677
