Car -1 -1 -10 738 167 924 231 1.5 1.8 4.2 5.298 1.407 19.567 1.571 0.998
Car -1 -1 -10 1039 149 1163 185 1.5 1.8 4.2 20.968 0.519 32.976 1.571 0.991
Car -1 -1 -10 456 186 502 226 1.5 1.8 4.2 -4.693 1.885 27.691 1.571 0.991
Car -1 -1 -10 538 177 578 209 1.5 1.8 4.2 -2.558 1.749 37.025 1.571 0.975
Car -1 -1 -10 498 182 537 208 1.5 1.8 4.2 -4.064 1.745 37.940 1.571 0.949
Car -1 -1 -10 479 182 524 212 1.5 1.8 4.2 -4.274 1.725 33.901 1.571 0.920
Car -1 -1 -10 753 157 835 189 1.5 1.8 4.2 8.743 0.771 36.547 1.571 0.853
Car -1 -1 -10 604 179 630 199 1.5 1.8 4.2 0.473 1.881 54.004 1.571 0.849
Car -1 -1 -10 992 150 1054 180 1.5 1.8 4.2 19.626 0.340 36.459 1.571 0.831
Car -1 -1 -10 616 179 644 197 1.5 1.8 4.2 1.378 1.701 52.930 1.571 0.788
Car -1 -1 -10 648 175 682 201 1.5 1.8 4.2 2.702 1.303 38.077 1.571 0.690
Car -1 -1 -10 879 153 969 179 1.5 1.8 4.2 17.161 0.336 41.621 1.571 0.528
Car -1 -1 -10 468 184 513 214 1.5 1.8 4.2 -4.303 1.637 30.818 1.571 0.504
