Car -1 -1 -10 1072 203 1236 381 1.5 1.8 4.2 3.528 1.372 6.858 1.571 0.992
Car -1 -1 -10 966 164 1236 338 1.5 1.8 4.2 4.229 1.442 8.400 1.571 0.989
Car -1 -1 -10 640 179 726 233 1.5 1.8 4.2 1.764 1.495 20.044 1.571 0.988
Car -1 -1 -10 500 170 526 196 1.5 1.8 4.2 -6.164 1.273 47.697 1.571 0.911
Car -1 -1 -10 430 176 494 212 1.5 1.8 4.2 -5.353 1.403 27.970 1.571 0.805
Car -1 -1 -10 619 168 665 200 1.5 1.8 4.2 1.390 1.215 34.390 1.571 0.720
Car -1 -1 -10 535 170 555 184 1.5 1.8 4.2 -5.337 0.910 61.051 1.571 0.676
Car -1 -1 -10 605 166 623 182 1.5 1.8 4.2 0.305 0.755 61.697 1.571 0.599
Car -1 -1 -10 490 171 512 197 1.5 1.8 4.2 -6.280 1.211 43.430 1.571 0.571
Car -1 -1 -10 449 174 496 204 1.5 1.8 4.2 -5.620 1.368 33.789 1.571 0.556
Car -1 -1 -10 195 181 421 247 1.5 1.8 4.2 -3.245 0.782 9.717 1.571 0.533
Car -1 -1 -10 313 175 435 239 1.5 1.8 4.2 -5.158 1.431 17.708 1.571 0.509
