Car -1 -1 -10 911 251 1233 379 1.5 1.8 4.2 2.049 0.941 5.394 1.571 0.997
Car -1 -1 -10 190 196 446 362 1.5 1.8 4.2 -2.451 1.549 8.011 1.571 0.996
Car -1 -1 -10 742 175 978 345 1.5 1.8 4.2 2.403 1.694 9.203 1.571 0.994
Car -1 -1 -10 560 178 618 224 1.5 1.8 4.2 -0.656 1.477 22.947 1.571 0.994
Car -1 -1 -10 380 185 492 281 1.5 1.8 4.2 -2.627 1.598 12.763 1.571 0.984
Car -1 -1 -10 123 188 241 228 1.5 1.8 4.2 -6.642 0.848 13.204 1.571 0.981
Car -1 -1 -10 520 179 562 209 1.5 1.8 4.2 -3.147 1.626 34.569 1.571 0.967
Car -1 -1 -10 0 190 30 256 1.5 1.8 4.2 -14.544 2.025 19.675 1.571 0.953
Car -1 -1 -10 453 175 509 209 1.5 1.8 4.2 -6.808 1.896 39.959 1.571 0.726
Car -1 -1 -10 612 172 634 196 1.5 1.8 4.2 0.865 1.596 51.871 1.571 0.682
Car -1 -1 -10 453 175 481 189 1.5 1.8 4.2 -11.335 1.276 59.157 1.571 0.579
Car -1 -1 -10 493 179 523 199 1.5 1.8 4.2 -6.953 1.774 51.059 1.571 0.565
Car -1 -1 -10 307 177 363 203 1.5 1.8 4.2 -15.280 1.560 42.093 1.571 0.559
Car -1 -1 -10 396 171 436 197 1.5 1.8 4.2 -10.979 0.967 42.796 1.571 0.517
