Car -1 -1 -10 408 180 590 282 1.5 1.8 4.2 -1.641 1.558 12.401 1.571 0.999
Car -1 -1 -10 817 184 1127 368 1.5 1.8 4.2 2.485 1.371 7.171 1.571 0.996
Car -1 -1 -10 793 173 927 273 1.5 1.8 4.2 3.091 1.261 11.184 1.571 0.974
Car -1 -1 -10 576 175 616 217 1.5 1.8 4.2 -0.535 1.538 27.249 1.571 0.974
Car -1 -1 -10 740 171 784 209 1.5 1.8 4.2 5.855 1.403 30.109 1.571 0.945
Car -1 -1 -10 -1 196 27 222 1.5 1.8 4.2 -36.046 2.904 45.622 1.571 0.881
Car -1 -1 -10 936 150 1078 212 1.5 1.8 4.2 9.191 0.911 18.898 1.571 0.853
Car -1 -1 -10 617 164 665 198 1.5 1.8 4.2 1.479 1.232 37.466 1.571 0.840
Car -1 -1 -10 788 159 854 189 1.5 1.8 4.2 13.199 1.012 47.354 1.571 0.764
Car -1 -1 -10 385 185 413 193 1.5 1.8 4.2 -16.847 1.606 59.619 1.571 0.619
Car -1 -1 -10 637 169 667 189 1.5 1.8 4.2 2.733 0.913 42.895 1.571 0.572
Car -1 -1 -10 316 187 352 197 1.5 1.8 4.2 -22.891 2.000 61.876 1.571 0.547
Car -1 -1 -10 1064 141 1210 217 1.5 1.8 4.2 12.419 1.044 19.174 1.571 0.544
