Car -1 -1 -10 276 202 386 278 1.5 1.8 4.2 -5.390 2.011 15.900 1.571 0.994
Car -1 -1 -10 371 190 441 246 1.5 1.8 4.2 -5.509 1.957 21.406 1.571 0.991
Car -1 -1 -10 19 213 295 343 1.5 1.8 4.2 -5.534 2.057 10.824 1.571 0.990
Car -1 -1 -10 889 145 1091 215 1.5 1.8 4.2 8.507 0.949 18.352 1.571 0.978
Car -1 -1 -10 436 192 494 226 1.5 1.8 4.2 -5.358 1.947 28.532 1.571 0.977
Car -1 -1 -10 672 176 746 220 1.5 1.8 4.2 2.613 1.268 21.514 1.571 0.924
Car -1 -1 -10 1 237 51 373 1.5 1.8 4.2 -6.880 2.338 10.530 1.571 0.922
Car -1 -1 -10 795 157 889 205 1.5 1.8 4.2 7.281 1.015 24.895 1.571 0.882
Car -1 -1 -10 649 178 689 204 1.5 1.8 4.2 2.670 1.654 40.429 1.571 0.818
Car -1 -1 -10 596 174 620 190 1.5 1.8 4.2 -0.187 1.373 59.893 1.571 0.722
Car -1 -1 -10 848 154 930 202 1.5 1.8 4.2 7.941 0.834 22.766 1.571 0.526
