Car -1 -1 -10 660 191 724 245 1.5 1.8 4.2 1.897 1.714 19.244 1.571 0.984
Car -1 -1 -10 479 191 547 243 1.5 1.8 4.2 -2.884 2.050 23.189 1.571 0.979
Car -1 -1 -10 299 198 471 338 1.5 1.8 4.2 -2.428 1.740 9.703 1.571 0.978
Car -1 -1 -10 710 166 910 328 1.5 1.8 4.2 2.126 1.693 9.976 1.571 0.977
Car -1 -1 -10 539 186 563 212 1.5 1.8 4.2 -3.370 2.042 42.858 1.571 0.874
Car -1 -1 -10 548 186 574 212 1.5 1.8 4.2 -2.905 2.057 44.338 1.571 0.869
Car -1 -1 -10 572 186 582 196 1.5 1.8 4.2 -2.834 1.970 63.531 1.571 0.814
Car -1 -1 -10 608 184 624 196 1.5 1.8 4.2 0.445 1.822 58.918 1.571 0.755
Car -1 -1 -10 626 183 652 205 1.5 1.8 4.2 2.059 2.316 54.081 1.571 0.661
Car -1 -1 -10 695 195 788 257 1.5 1.8 4.2 1.966 1.666 16.385 1.571 0.523
Car -1 -1 -10 608 181 618 189 1.5 1.8 4.2 0.189 1.180 54.864 1.571 0.508
