Car -1 -1 -10 999 161 1237 355 1.5 1.8 4.2 3.855 1.403 7.659 1.571 0.997
Car -1 -1 -10 305 174 509 304 1.5 1.8 4.2 -2.609 1.648 11.171 1.571 0.983
Car -1 -1 -10 847 147 1003 201 1.5 1.8 4.2 9.890 0.888 24.866 1.571 0.959
Car -1 -1 -10 664 172 718 204 1.5 1.8 4.2 2.647 1.036 26.102 1.571 0.953
Car -1 -1 -10 501 178 540 204 1.5 1.8 4.2 -4.237 1.614 39.492 1.571 0.948
Car -1 -1 -10 605 178 641 204 1.5 1.8 4.2 0.658 1.669 40.762 1.571 0.934
Car -1 -1 -10 1073 150 1135 180 1.5 1.8 4.2 21.936 0.318 34.202 1.571 0.886
Car -1 -1 -10 580 171 608 185 1.5 1.8 4.2 -1.274 0.946 58.316 1.571 0.821
Car -1 -1 -10 636 176 658 202 1.5 1.8 4.2 2.237 1.605 46.406 1.571 0.782
Car -1 -1 -10 481 180 523 208 1.5 1.8 4.2 -4.452 1.598 34.905 1.571 0.776
Car -1 -1 -10 1000 142 1078 184 1.5 1.8 4.2 18.484 0.481 33.262 1.571 0.628
Car -1 -1 -10 473 183 512 209 1.5 1.8 4.2 -4.432 1.468 31.417 1.571 0.610
