Car -1 -1 -10 437 180 601 268 1.5 1.8 4.2 -1.617 1.633 14.485 1.571 0.995
Car -1 -1 -10 608 175 662 209 1.5 1.8 4.2 0.967 1.462 31.281 1.571 0.971
Car -1 -1 -10 1200 155 1236 171 1.5 1.8 4.2 40.701 -0.125 50.440 1.571 0.907
Car -1 -1 -10 695 173 715 189 1.5 1.8 4.2 6.870 1.172 54.510 1.571 0.882
Car -1 -1 -10 673 176 687 188 1.5 1.8 4.2 5.570 1.211 59.793 1.571 0.824
Car -1 -1 -10 1170 157 1202 175 1.5 1.8 4.2 41.278 0.154 53.846 1.571 0.759
Car -1 -1 -10 1039 155 1079 181 1.5 1.8 4.2 26.540 0.186 44.808 1.571 0.692
Car -1 -1 -10 729 167 753 185 1.5 1.8 4.2 10.342 0.961 59.215 1.571 0.634
Car -1 -1 -10 654 173 670 187 1.5 1.8 4.2 4.023 1.102 58.307 1.571 0.616
Car -1 -1 -10 1103 154 1141 180 1.5 1.8 4.2 29.655 0.182 43.943 1.571 0.581
Car -1 -1 -10 1137 158 1173 174 1.5 1.8 4.2 35.864 0.075 49.625 1.571 0.568
Car -1 -1 -10 294 192 318 206 1.5 1.8 4.2 -24.191 2.634 59.453 1.571 0.560
