Car -1 -1 -10 733 166 995 330 1.5 1.8 4.2 2.413 1.528 9.119 1.571 0.980
Car -1 -1 -10 677 179 741 233 1.5 1.8 4.2 2.195 1.365 18.480 1.571 0.944
Car -1 -1 -10 15 191 291 315 1.5 1.8 4.2 -4.999 1.537 9.901 1.571 0.936
Car -1 -1 -10 3 249 163 353 1.5 1.8 4.2 -4.313 1.454 7.925 1.571 0.926
Car -1 -1 -10 332 166 434 240 1.5 1.8 4.2 -4.931 1.443 17.607 1.571 0.867
Car -1 -1 -10 121 183 305 277 1.5 1.8 4.2 -4.821 1.249 10.759 1.571 0.836
Car -1 -1 -10 416 171 486 219 1.5 1.8 4.2 -4.633 1.330 22.901 1.571 0.734
Car -1 -1 -10 648 175 684 205 1.5 1.8 4.2 2.122 1.244 30.026 1.571 0.632
Car -1 -1 -10 225 167 387 255 1.5 1.8 4.2 -5.083 1.358 14.034 1.571 0.589
Car -1 -1 -10 705 176 822 254 1.5 1.8 4.2 2.217 1.462 15.104 1.571 0.568
