Car -1 -1 -10 133 185 429 349 1.5 1.8 4.2 -3.242 1.705 9.083 1.571 1.000
Car -1 -1 -10 838 185 1198 365 1.5 1.8 4.2 3.360 1.610 8.146 1.571 0.999
Car -1 -1 -10 753 181 889 271 1.5 1.8 4.2 3.576 1.689 14.516 1.571 0.999
Car -1 -1 -10 395 183 495 269 1.5 1.8 4.2 -2.917 1.667 14.615 1.571 0.996
Car -1 -1 -10 723 176 791 236 1.5 1.8 4.2 4.027 1.751 22.111 1.571 0.990
Car -1 -1 -10 436 171 538 239 1.5 1.8 4.2 -2.906 1.852 22.302 1.571 0.968
Car -1 -1 -10 651 173 709 203 1.5 1.8 4.2 3.353 1.461 37.086 1.571 0.967
Car -1 -1 -10 537 178 599 220 1.5 1.8 4.2 -1.512 1.644 27.270 1.571 0.939
Car -1 -1 -10 813 167 843 181 1.5 1.8 4.2 16.646 0.623 57.289 1.571 0.777
Car -1 -1 -10 776 167 802 181 1.5 1.8 4.2 14.729 0.671 61.574 1.571 0.691
Car -1 -1 -10 883 155 937 191 1.5 1.8 4.2 15.183 0.920 38.712 1.571 0.604
Car -1 -1 -10 715 172 737 190 1.5 1.8 4.2 7.581 1.125 49.460 1.571 0.598
