Car -1 -1 -10 863 198 1105 274 1.5 1.8 4.2 6.208 1.693 14.182 1.571 0.998
Car -1 -1 -10 1065 216 1237 374 1.5 1.8 4.2 4.141 1.561 7.701 1.571 0.998
Car -1 -1 -10 3 189 233 337 1.5 1.8 4.2 -4.799 1.581 9.052 1.571 0.994
Car -1 -1 -10 115 180 353 294 1.5 1.8 4.2 -4.832 1.538 11.263 1.571 0.989
Car -1 -1 -10 819 185 933 251 1.5 1.8 4.2 5.051 1.499 15.948 1.571 0.970
Car -1 -1 -10 250 180 434 250 1.5 1.8 4.2 -5.118 1.457 15.733 1.571 0.957
Car -1 -1 -10 714 184 812 226 1.5 1.8 4.2 5.012 1.757 25.959 1.571 0.952
Car -1 -1 -10 345 175 469 231 1.5 1.8 4.2 -5.137 1.457 20.178 1.571 0.944
Car -1 -1 -10 453 178 515 214 1.5 1.8 4.2 -5.360 1.736 32.545 1.571 0.759
Car -1 -1 -10 636 185 676 211 1.5 1.8 4.2 2.068 1.657 35.189 1.571 0.643
