Car -1 -1 -10 788 163 942 247 1.5 1.8 4.2 4.773 1.403 15.756 1.571 0.998
Car -1 -1 -10 205 198 421 346 1.5 1.8 4.2 -3.411 1.955 10.248 1.571 0.990
Car -1 -1 -10 396 187 494 261 1.5 1.8 4.2 -3.404 1.790 16.752 1.571 0.988
Car -1 -1 -10 8 224 220 374 1.5 1.8 4.2 -3.423 1.364 6.993 1.571 0.986
Car -1 -1 -10 487 189 539 233 1.5 1.8 4.2 -2.857 1.741 22.986 1.571 0.972
Car -1 -1 -10 663 183 719 221 1.5 1.8 4.2 2.646 1.600 26.090 1.571 0.966
Car -1 -1 -10 529 184 568 210 1.5 1.8 4.2 -2.473 1.807 37.199 1.571 0.925
Car -1 -1 -10 493 182 552 220 1.5 1.8 4.2 -2.663 1.644 27.267 1.571 0.907
Car -1 -1 -10 692 170 728 184 1.5 1.8 4.2 7.771 0.869 58.371 1.571 0.722
Car -1 -1 -10 737 179 771 205 1.5 1.8 4.2 6.513 1.463 34.947 1.571 0.711
Car -1 -1 -10 705 177 741 211 1.5 1.8 4.2 4.509 1.537 31.176 1.571 0.637
