Car -1 -1 -10 3 205 233 339 1.5 1.8 4.2 -5.320 1.777 9.818 1.571 0.999
Car -1 -1 -10 1052 204 1228 348 1.5 1.8 4.2 5.672 1.893 9.900 1.571 0.990
Car -1 -1 -10 268 196 426 262 1.5 1.8 4.2 -5.396 1.811 16.757 1.571 0.987
Car -1 -1 -10 673 196 757 246 1.5 1.8 4.2 2.528 1.797 19.827 1.571 0.986
Car -1 -1 -10 645 187 691 227 1.5 1.8 4.2 2.067 1.973 28.391 1.571 0.961
Car -1 -1 -10 127 200 303 290 1.5 1.8 4.2 -5.072 1.487 11.262 1.571 0.957
Car -1 -1 -10 458 186 526 224 1.5 1.8 4.2 -5.280 2.270 34.123 1.571 0.948
Car -1 -1 -10 376 189 458 237 1.5 1.8 4.2 -5.511 1.815 22.519 1.571 0.937
Car -1 -1 -10 621 182 641 200 1.5 1.8 4.2 1.448 1.912 52.924 1.571 0.731
Car -1 -1 -10 516 181 544 207 1.5 1.8 4.2 -5.169 1.935 48.417 1.571 0.516
