Car -1 -1 -10 773 179 1033 333 1.5 1.8 4.2 2.690 1.502 8.867 1.571 0.996
Car -1 -1 -10 343 185 501 277 1.5 1.8 4.2 -3.048 1.657 13.585 1.571 0.992
Car -1 -1 -10 1154 155 1242 271 1.5 1.8 4.2 8.027 1.349 12.018 1.571 0.989
Car -1 -1 -10 1042 159 1202 249 1.5 1.8 4.2 8.630 1.291 14.339 1.571 0.982
Car -1 -1 -10 964 168 1090 232 1.5 1.8 4.2 8.373 1.195 16.679 1.571 0.962
Car -1 -1 -10 515 180 574 218 1.5 1.8 4.2 -1.942 1.678 28.921 1.571 0.942
Car -1 -1 -10 451 164 551 248 1.5 1.8 4.2 -2.560 1.729 18.703 1.571 0.836
Car -1 -1 -10 4 279 112 371 1.5 1.8 4.2 -3.087 1.086 6.057 1.571 0.833
Car -1 -1 -10 736 160 882 264 1.5 1.8 4.2 2.388 1.120 10.966 1.571 0.711
Car -1 -1 -10 687 175 727 193 1.5 1.8 4.2 7.006 1.461 54.438 1.571 0.672
Car -1 -1 -10 103 213 139 223 1.5 1.8 4.2 -33.955 3.479 52.156 1.571 0.595
Car -1 -1 -10 922 164 988 190 1.5 1.8 4.2 9.087 0.427 21.210 1.571 0.514
