Car -1 -1 -10 474 185 610 261 1.5 1.8 4.2 -1.316 1.636 15.494 1.571 0.995
Car -1 -1 -10 -1 218 79 364 1.5 1.8 4.2 -6.489 2.153 10.228 1.571 0.992
Car -1 -1 -10 631 152 1003 346 1.5 1.8 4.2 2.572 2.199 11.264 1.571 0.991
Car -1 -1 -10 1042 162 1234 236 1.5 1.8 4.2 8.824 1.062 14.234 1.571 0.987
Car -1 -1 -10 381 185 439 217 1.5 1.8 4.2 -7.209 1.581 27.940 1.571 0.986
Car -1 -1 -10 188 186 244 214 1.5 1.8 4.2 -20.075 2.092 38.791 1.571 0.944
Car -1 -1 -10 16 203 130 291 1.5 1.8 4.2 -8.653 1.891 13.652 1.571 0.934
Car -1 -1 -10 553 168 647 200 1.5 1.8 4.2 -0.435 1.058 30.235 1.571 0.827
Car -1 -1 -10 275 183 293 193 1.5 1.8 4.2 -27.038 1.669 61.886 1.571 0.820
Car -1 -1 -10 352 176 376 194 1.5 1.8 4.2 -18.985 1.629 57.702 1.571 0.816
Car -1 -1 -10 226 182 252 208 1.5 1.8 4.2 -24.098 2.085 48.902 1.571 0.748
Car -1 -1 -10 981 161 1037 221 1.5 1.8 4.2 7.875 0.956 16.437 1.571 0.725
Car -1 -1 -10 310 178 320 184 1.5 1.8 4.2 -24.285 0.916 61.434 1.571 0.518
