Car -1 -1 -10 851 188 1249 372 1.5 1.8 4.2 3.069 1.416 7.230 1.571 0.996
Car -1 -1 -10 750 187 914 281 1.5 1.8 4.2 3.031 1.503 12.132 1.571 0.993
Car -1 -1 -10 213 199 399 295 1.5 1.8 4.2 -4.339 1.721 12.266 1.571 0.993
Car -1 -1 -10 380 186 458 256 1.5 1.8 4.2 -4.058 1.743 17.229 1.571 0.989
Car -1 -1 -10 722 180 792 244 1.5 1.8 4.2 2.958 1.457 16.882 1.571 0.986
Car -1 -1 -10 492 181 544 211 1.5 1.8 4.2 -3.874 1.588 32.138 1.571 0.978
Car -1 -1 -10 1 212 243 374 1.5 1.8 4.2 -4.072 1.654 8.033 1.571 0.972
Car -1 -1 -10 1127 177 1241 249 1.5 1.8 4.2 11.303 1.506 16.376 1.571 0.782
Car -1 -1 -10 703 181 757 231 1.5 1.8 4.2 2.893 1.426 19.802 1.571 0.768
Car -1 -1 -10 691 180 749 218 1.5 1.8 4.2 3.209 1.515 26.320 1.571 0.719
