Car -1 -1 -10 964 164 1098 238 1.5 1.8 4.2 8.375 1.304 16.545 1.571 0.997
Car -1 -1 -10 894 168 992 226 1.5 1.8 4.2 7.863 1.263 19.250 1.571 0.987
Car -1 -1 -10 441 178 525 234 1.5 1.8 4.2 -3.521 1.671 21.817 1.571 0.986
Car -1 -1 -10 685 182 789 248 1.5 1.8 4.2 2.486 1.502 16.525 1.571 0.980
Car -1 -1 -10 224 186 438 328 1.5 1.8 4.2 -3.294 1.800 10.471 1.571 0.978
Car -1 -1 -10 522 176 569 206 1.5 1.8 4.2 -2.348 1.528 35.373 1.571 0.961
Car -1 -1 -10 1 224 245 368 1.5 1.8 4.2 -3.208 1.261 6.765 1.571 0.960
Car -1 -1 -10 1110 155 1238 243 1.5 1.8 4.2 10.674 1.334 15.825 1.571 0.958
Car -1 -1 -10 854 167 930 221 1.5 1.8 4.2 5.537 0.954 16.405 1.571 0.892
Car -1 -1 -10 825 170 883 214 1.5 1.8 4.2 6.908 1.173 22.676 1.571 0.851
