Car -1 -1 -10 -3 190 233 342 1.5 1.8 4.2 -5.075 1.714 9.414 1.571 0.991
Car -1 -1 -10 791 190 889 252 1.5 1.8 4.2 4.532 1.578 16.485 1.571 0.989
Car -1 -1 -10 723 181 803 233 1.5 1.8 4.2 4.542 1.805 23.753 1.571 0.968
Car -1 -1 -10 421 182 515 228 1.5 1.8 4.2 -5.677 2.187 30.717 1.571 0.910
Car -1 -1 -10 854 190 952 266 1.5 1.8 4.2 4.659 1.498 13.709 1.571 0.906
Car -1 -1 -10 245 182 385 246 1.5 1.8 4.2 -5.202 1.276 14.689 1.571 0.898
Car -1 -1 -10 300 169 452 239 1.5 1.8 4.2 -4.646 1.298 16.261 1.571 0.897
Car -1 -1 -10 837 212 1233 370 1.5 1.8 4.2 2.224 1.059 5.977 1.571 0.894
Car -1 -1 -10 30 188 260 270 1.5 1.8 4.2 -5.764 1.192 10.955 1.571 0.718
Car -1 -1 -10 630 184 670 210 1.5 1.8 4.2 1.910 1.762 37.288 1.571 0.603
