Car -1 -1 -10 443 188 581 260 1.5 1.8 4.2 -1.912 1.652 15.780 1.571 0.997
Car -1 -1 -10 591 157 939 339 1.5 1.8 4.2 1.448 1.613 9.108 1.571 0.989
Car -1 -1 -10 0 212 52 344 1.5 1.8 4.2 -7.031 2.044 10.717 1.571 0.975
Car -1 -1 -10 347 184 407 218 1.5 1.8 4.2 -8.389 1.616 27.934 1.571 0.975
Car -1 -1 -10 1002 167 1168 235 1.5 1.8 4.2 8.541 1.124 15.156 1.571 0.972
Car -1 -1 -10 920 165 984 221 1.5 1.8 4.2 7.273 1.031 17.555 1.571 0.919
Car -1 -1 -10 531 170 621 212 1.5 1.8 4.2 -1.371 1.526 30.237 1.571 0.901
Car -1 -1 -10 8 201 100 291 1.5 1.8 4.2 -9.132 1.929 13.880 1.571 0.898
Car -1 -1 -10 151 186 215 214 1.5 1.8 4.2 -21.740 2.091 38.768 1.571 0.894
Car -1 -1 -10 319 180 343 198 1.5 1.8 4.2 -21.294 1.916 57.095 1.571 0.810
Car -1 -1 -10 231 185 251 193 1.5 1.8 4.2 -31.190 1.701 63.039 1.571 0.777
Car -1 -1 -10 238 184 260 194 1.5 1.8 4.2 -30.679 1.795 63.369 1.571 0.731
Car -1 -1 -10 189 182 217 208 1.5 1.8 4.2 -25.174 1.923 46.667 1.571 0.670
Car -1 -1 -10 340 183 366 209 1.5 1.8 4.2 -10.349 1.329 31.030 1.571 0.584
Car -1 -1 -10 1086 149 1236 199 1.5 1.8 4.2 12.783 0.609 18.907 1.571 0.567
