Car -1 -1 -10 715 187 885 289 1.5 1.8 4.2 2.404 1.504 11.444 1.571 0.998
Car -1 -1 -10 -2 191 194 349 1.5 1.8 4.2 -4.843 1.639 8.817 1.571 0.994
Car -1 -1 -10 217 186 427 260 1.5 1.8 4.2 -5.793 1.737 16.481 1.571 0.980
Car -1 -1 -10 678 177 742 225 1.5 1.8 4.2 2.665 1.415 21.689 1.571 0.964
Car -1 -1 -10 638 172 652 184 1.5 1.8 4.2 2.673 0.860 57.794 1.571 0.882
Car -1 -1 -10 648 170 688 200 1.5 1.8 4.2 2.724 1.294 36.505 1.571 0.773
Car -1 -1 -10 571 171 589 185 1.5 1.8 4.2 -2.355 0.942 58.056 1.571 0.615
Car -1 -1 -10 346 172 446 212 1.5 1.8 4.2 -5.267 0.954 19.687 1.571 0.607
Car -1 -1 -10 553 173 571 189 1.5 1.8 4.2 -3.680 1.228 56.988 1.571 0.558
Car -1 -1 -10 489 171 543 209 1.5 1.8 4.2 -3.916 1.489 31.825 1.571 0.532
