Car -1 -1 -10 360 192 446 238 1.5 1.8 4.2 -6.337 1.979 24.020 1.571 0.994
Car -1 -1 -10 754 176 894 254 1.5 1.8 4.2 4.261 1.636 16.648 1.571 0.981
Car -1 -1 -10 279 189 363 235 1.5 1.8 4.2 -9.639 2.062 26.048 1.571 0.972
Car -1 -1 -10 141 188 241 234 1.5 1.8 4.2 -13.669 1.987 25.556 1.571 0.959
Car -1 -1 -10 600 182 670 250 1.5 1.8 4.2 0.506 1.721 18.201 1.571 0.954
Car -1 -1 -10 0 210 58 302 1.5 1.8 4.2 -9.802 2.166 14.206 1.571 0.954
Car -1 -1 -10 499 186 537 212 1.5 1.8 4.2 -4.747 2.003 39.022 1.571 0.852
Car -1 -1 -10 554 183 578 201 1.5 1.8 4.2 -3.284 2.082 55.470 1.571 0.803
Car -1 -1 -10 698 184 762 224 1.5 1.8 4.2 4.104 1.769 27.058 1.571 0.789
Car -1 -1 -10 448 186 478 212 1.5 1.8 4.2 -8.421 2.232 43.251 1.571 0.614
