Car -1 -1 -10 814 184 1258 370 1.5 1.8 4.2 2.337 1.109 6.159 1.571 0.996
Car -1 -1 -10 757 194 909 286 1.5 1.8 4.2 2.876 1.487 11.587 1.571 0.996
Car -1 -1 -10 500 178 566 222 1.5 1.8 4.2 -2.057 1.618 25.862 1.571 0.983
Car -1 -1 -10 243 186 471 314 1.5 1.8 4.2 -3.052 1.671 10.643 1.571 0.973
Car -1 -1 -10 413 161 531 257 1.5 1.8 4.2 -2.665 1.592 15.752 1.571 0.770
Car -1 -1 -10 780 157 944 203 1.5 1.8 4.2 7.293 0.878 23.122 1.571 0.700
Car -1 -1 -10 45 215 103 231 1.5 1.8 4.2 -38.903 4.217 54.428 1.571 0.690
Car -1 -1 -10 458 178 544 234 1.5 1.8 4.2 -2.229 1.687 22.005 1.571 0.676
Car -1 -1 -10 896 164 1014 202 1.5 1.8 4.2 8.907 0.756 20.835 1.571 0.613
Car -1 -1 -10 1063 159 1209 189 1.5 1.8 4.2 8.329 0.257 13.600 1.571 0.562
Car -1 -1 -10 156 208 190 218 1.5 1.8 4.2 -33.263 3.433 56.974 1.571 0.505
