Car -1 -1 -10 809 179 1005 251 1.5 1.8 4.2 5.914 1.570 16.597 1.571 0.994
Car -1 -1 -10 24 185 302 333 1.5 1.8 4.2 -4.841 1.713 9.821 1.571 0.994
Car -1 -1 -10 6 218 180 364 1.5 1.8 4.2 -4.623 1.687 8.471 1.571 0.987
Car -1 -1 -10 151 182 335 276 1.5 1.8 4.2 -5.250 1.459 12.311 1.571 0.980
Car -1 -1 -10 742 195 906 303 1.5 1.8 4.2 2.598 1.614 11.052 1.571 0.973
Car -1 -1 -10 264 187 406 263 1.5 1.8 4.2 -4.750 1.539 14.421 1.571 0.876
Car -1 -1 -10 706 176 774 216 1.5 1.8 4.2 4.792 1.605 28.951 1.571 0.868
Car -1 -1 -10 736 180 820 216 1.5 1.8 4.2 4.581 1.189 21.988 1.571 0.766
Car -1 -1 -10 469 179 531 207 1.5 1.8 4.2 -5.389 1.660 37.180 1.571 0.722
Car -1 -1 -10 346 176 470 230 1.5 1.8 4.2 -5.026 1.407 19.868 1.571 0.648
Car -1 -1 -10 628 177 670 203 1.5 1.8 4.2 2.113 1.663 41.900 1.571 0.605
