Car -1 -1 -10 749 183 1043 349 1.5 1.8 4.2 2.600 1.510 8.728 1.571 0.999
Car -1 -1 -10 394 186 478 244 1.5 1.8 4.2 -4.238 1.434 19.630 1.571 0.987
Car -1 -1 -10 143 185 387 325 1.5 1.8 4.2 -3.735 1.500 9.815 1.571 0.976
Car -1 -1 -10 620 183 642 201 1.5 1.8 4.2 1.539 1.063 50.490 1.571 0.949
Car -1 -1 -10 462 184 512 228 1.5 1.8 4.2 -3.976 1.393 25.501 1.571 0.936
Car -1 -1 -10 1 212 69 312 1.5 1.8 4.2 -7.539 1.657 11.492 1.571 0.895
Car -1 -1 -10 571 185 617 217 1.5 1.8 4.2 -0.581 1.247 30.308 1.571 0.895
Car -1 -1 -10 515 180 537 206 1.5 1.8 4.2 -4.993 1.141 45.744 1.571 0.876
Car -1 -1 -10 71 167 229 267 1.5 1.8 4.2 -8.070 1.432 14.689 1.571 0.772
Car -1 -1 -10 505 182 525 208 1.5 1.8 4.2 -5.109 1.138 41.442 1.571 0.735
Car -1 -1 -10 384 186 418 212 1.5 1.8 4.2 -7.534 0.971 28.147 1.571 0.504
