Car -1 -1 -10 799 185 1049 329 1.5 1.8 4.2 3.198 1.618 9.580 1.571 0.996
Car -1 -1 -10 622 170 698 216 1.5 1.8 4.2 1.661 1.474 26.756 1.571 0.994
Car -1 -1 -10 764 174 854 260 1.5 1.8 4.2 3.407 1.516 14.652 1.571 0.991
Car -1 -1 -10 406 178 532 256 1.5 1.8 4.2 -2.718 1.571 15.736 1.571 0.975
Car -1 -1 -10 696 169 726 195 1.5 1.8 4.2 4.853 1.073 37.063 1.571 0.965
Car -1 -1 -10 727 163 757 189 1.5 1.8 4.2 8.450 0.909 48.474 1.571 0.884
Car -1 -1 -10 821 165 855 183 1.5 1.8 4.2 15.641 0.697 51.699 1.571 0.821
Car -1 -1 -10 917 152 1003 194 1.5 1.8 4.2 13.230 0.802 29.468 1.571 0.764
Car -1 -1 -10 1000 153 1050 193 1.5 1.8 4.2 15.506 0.755 29.139 1.571 0.702
Car -1 -1 -10 729 157 781 191 1.5 1.8 4.2 10.189 1.279 52.957 1.571 0.657
Car -1 -1 -10 890 156 926 178 1.5 1.8 4.2 20.087 0.347 50.813 1.571 0.550
Car -1 -1 -10 68 159 368 355 1.5 1.8 4.2 -3.984 1.824 9.326 1.571 0.550
