Car -1 -1 -10 667 187 763 259 1.5 1.8 4.2 2.026 1.706 16.391 1.571 0.998
Car -1 -1 -10 56 217 450 375 1.5 1.8 4.2 -2.198 1.210 6.421 1.571 0.997
Car -1 -1 -10 543 185 593 225 1.5 1.8 4.2 -1.499 1.802 27.039 1.571 0.975
Car -1 -1 -10 57 188 251 260 1.5 1.8 4.2 -7.019 1.331 13.119 1.571 0.958
Car -1 -1 -10 644 185 717 233 1.5 1.8 4.2 1.477 1.765 23.276 1.571 0.947
Car -1 -1 -10 358 183 464 249 1.5 1.8 4.2 -5.607 2.126 22.251 1.571 0.884
Car -1 -1 -10 239 184 301 210 1.5 1.8 4.2 -15.133 1.560 34.125 1.571 0.854
Car -1 -1 -10 457 182 513 216 1.5 1.8 4.2 -5.379 1.842 32.901 1.571 0.823
Car -1 -1 -10 503 181 531 207 1.5 1.8 4.2 -4.745 1.727 38.604 1.571 0.578
Car -1 -1 -10 44 188 130 242 1.5 1.8 4.2 -14.541 1.916 22.092 1.571 0.562
Car -1 -1 -10 286 182 328 208 1.5 1.8 4.2 -14.878 1.574 37.433 1.571 0.527
Car -1 -1 -10 614 188 644 214 1.5 1.8 4.2 0.709 1.631 30.705 1.571 0.513
