Car -1 -1 -10 716 171 746 199 1.5 1.8 4.2 6.456 1.403 40.825 1.571 0.946
Car -1 -1 -10 1202 155 1236 171 1.5 1.8 4.2 44.661 -0.136 55.050 1.571 0.908
Car -1 -1 -10 229 188 353 232 1.5 1.8 4.2 -9.469 1.746 23.406 1.571 0.882
Car -1 -1 -10 1170 156 1202 174 1.5 1.8 4.2 39.855 0.079 52.065 1.571 0.877
Car -1 -1 -10 1039 155 1079 181 1.5 1.8 4.2 25.240 0.233 42.720 1.571 0.774
Car -1 -1 -10 1136 157 1172 173 1.5 1.8 4.2 35.474 0.009 49.196 1.571 0.648
Car -1 -1 -10 504 167 554 201 1.5 1.8 4.2 -4.985 1.720 46.190 1.571 0.625
Car -1 -1 -10 -1 203 17 261 1.5 1.8 4.2 -12.468 1.818 16.981 1.571 0.618
Car -1 -1 -10 731 165 753 191 1.5 1.8 4.2 8.182 0.943 47.015 1.571 0.593
Car -1 -1 -10 424 173 486 213 1.5 1.8 4.2 -7.130 1.835 35.094 1.571 0.553
Car -1 -1 -10 1103 154 1139 180 1.5 1.8 4.2 29.734 0.125 44.136 1.571 0.538
