Car -1 -1 -10 582 177 656 233 1.5 1.8 4.2 0.166 1.450 19.502 1.571 0.997
Car -1 -1 -10 259 169 441 259 1.5 1.8 4.2 -4.144 1.354 13.447 1.571 0.997
Car -1 -1 -10 705 181 769 231 1.5 1.8 4.2 3.289 1.529 21.076 1.571 0.975
Car -1 -1 -10 0 163 60 259 1.5 1.8 4.2 -10.403 1.537 14.974 1.571 0.971
Car -1 -1 -10 367 169 480 243 1.5 1.8 4.2 -3.472 1.489 17.423 1.571 0.957
Car -1 -1 -10 678 169 738 211 1.5 1.8 4.2 3.456 1.363 27.889 1.571 0.949
Car -1 -1 -10 483 175 543 215 1.5 1.8 4.2 -3.041 1.300 24.356 1.571 0.915
Car -1 -1 -10 245 167 319 201 1.5 1.8 4.2 -14.356 1.228 33.587 1.571 0.882
Car -1 -1 -10 93 156 245 230 1.5 1.8 4.2 -2.859 0.362 6.680 1.571 0.731
Car -1 -1 -10 450 176 512 224 1.5 1.8 4.2 -3.269 1.276 20.101 1.571 0.703
Car -1 -1 -10 527 169 565 195 1.5 1.8 4.2 -3.358 1.044 39.515 1.571 0.535
Car -1 -1 -10 633 168 657 186 1.5 1.8 4.2 2.912 1.103 62.651 1.571 0.534
