Car -1 -1 -10 437 193 517 263 1.5 1.8 4.2 -2.883 1.918 17.454 1.571 0.992
Car -1 -1 -10 749 191 973 353 1.5 1.8 4.2 2.102 1.550 8.310 1.571 0.991
Car -1 -1 -10 679 196 785 280 1.5 1.8 4.2 1.917 1.732 13.764 1.571 0.969
Car -1 -1 -10 624 182 660 206 1.5 1.8 4.2 1.717 1.818 41.676 1.571 0.946
Car -1 -1 -10 526 187 560 213 1.5 1.8 4.2 -3.232 1.864 36.460 1.571 0.942
Car -1 -1 -10 12 238 312 368 1.5 1.8 4.2 -2.298 0.975 5.705 1.571 0.938
Car -1 -1 -10 561 187 575 199 1.5 1.8 4.2 -3.208 1.979 56.714 1.571 0.880
Car -1 -1 -10 836 126 1234 376 1.5 1.8 4.2 1.664 0.824 5.027 1.571 0.776
Car -1 -1 -10 606 182 618 188 1.5 1.8 4.2 0.120 1.129 55.887 1.571 0.717
Car -1 -1 -10 608 183 622 193 1.5 1.8 4.2 0.351 1.530 56.891 1.571 0.567
