Car -1 -1 -10 693 169 797 203 1.5 1.8 4.2 4.988 1.124 29.003 1.571 0.983
Car -1 -1 -10 1035 149 1169 185 1.5 1.8 4.2 22.616 0.559 35.329 1.571 0.944
Car -1 -1 -10 587 178 605 190 1.5 1.8 4.2 -1.169 1.399 60.981 1.571 0.906
Car -1 -1 -10 511 181 543 207 1.5 1.8 4.2 -4.306 1.703 39.187 1.571 0.885
Car -1 -1 -10 540 177 554 203 1.5 1.8 4.2 -3.894 1.479 46.297 1.571 0.826
Car -1 -1 -10 646 175 670 191 1.5 1.8 4.2 3.242 1.237 51.310 1.571 0.821
Car -1 -1 -10 1151 146 1243 186 1.5 1.8 4.2 22.819 0.512 30.204 1.571 0.769
Car -1 -1 -10 620 178 638 190 1.5 1.8 4.2 1.506 1.383 60.306 1.571 0.756
Car -1 -1 -10 573 178 587 190 1.5 1.8 4.2 -2.416 1.365 59.556 1.571 0.586
Car -1 -1 -10 559 181 571 189 1.5 1.8 4.2 -3.470 1.234 57.277 1.571 0.582
Car -1 -1 -10 636 174 658 188 1.5 1.8 4.2 2.438 1.011 50.284 1.571 0.544
Car -1 -1 -10 904 154 974 180 1.5 1.8 4.2 18.716 0.236 43.228 1.571 0.503
