Car -1 -1 -10 643 166 713 220 1.5 1.8 4.2 1.987 1.411 23.700 1.571 0.989
Car -1 -1 -10 310 185 398 227 1.5 1.8 4.2 -8.654 1.820 26.357 1.571 0.968
Car -1 -1 -10 727 172 749 186 1.5 1.8 4.2 10.644 1.095 62.244 1.571 0.938
Car -1 -1 -10 1202 155 1236 171 1.5 1.8 4.2 44.995 -0.137 55.445 1.571 0.909
Car -1 -1 -10 1170 156 1202 174 1.5 1.8 4.2 39.517 0.078 51.642 1.571 0.842
Car -1 -1 -10 462 180 512 210 1.5 1.8 4.2 -6.079 1.823 37.522 1.571 0.830
Car -1 -1 -10 -2 272 62 374 1.5 1.8 4.2 -4.395 1.503 7.494 1.571 0.811
Car -1 -1 -10 703 167 717 193 1.5 1.8 4.2 6.034 0.798 45.892 1.571 0.799
Car -1 -1 -10 1039 155 1079 181 1.5 1.8 4.2 26.002 0.240 43.943 1.571 0.716
Car -1 -1 -10 534 176 560 192 1.5 1.8 4.2 -4.611 1.392 54.570 1.571 0.621
Car -1 -1 -10 1136 158 1172 174 1.5 1.8 4.2 35.852 0.075 49.697 1.571 0.613
Car -1 -1 -10 1104 154 1140 180 1.5 1.8 4.2 29.440 0.123 43.640 1.571 0.567
Car -1 -1 -10 293 192 319 208 1.5 1.8 4.2 -24.236 2.798 59.558 1.571 0.551
