Car -1 -1 -10 830 194 950 272 1.5 1.8 4.2 4.711 1.687 14.380 1.571 0.997
Car -1 -1 -10 895 195 1019 301 1.5 1.8 4.2 4.660 1.741 11.906 1.571 0.985
Car -1 -1 -10 1 198 175 336 1.5 1.8 4.2 -5.272 1.629 9.307 1.571 0.984
Car -1 -1 -10 730 184 818 236 1.5 1.8 4.2 4.592 1.787 22.523 1.571 0.970
Car -1 -1 -10 967 187 1235 339 1.5 1.8 4.2 4.883 1.672 9.361 1.571 0.966
Car -1 -1 -10 2 256 112 370 1.5 1.8 4.2 -4.336 1.524 7.680 1.571 0.965
Car -1 -1 -10 412 185 510 229 1.5 1.8 4.2 -5.772 2.158 29.834 1.571 0.934
Car -1 -1 -10 951 257 1245 371 1.5 1.8 4.2 2.215 0.924 5.464 1.571 0.930
Car -1 -1 -10 120 199 302 291 1.5 1.8 4.2 -5.269 1.543 11.525 1.571 0.927
Car -1 -1 -10 200 191 348 263 1.5 1.8 4.2 -5.074 1.346 12.878 1.571 0.925
Car -1 -1 -10 271 174 425 248 1.5 1.8 4.2 -5.867 1.668 18.114 1.571 0.798
Car -1 -1 -10 770 181 886 249 1.5 1.8 4.2 4.636 1.637 17.619 1.571 0.699
Car -1 -1 -10 625 183 673 215 1.5 1.8 4.2 1.710 1.894 34.522 1.571 0.688
