Car -1 -1 -10 176 184 354 296 1.5 1.8 4.2 -4.229 1.489 10.826 1.571 0.996
Car -1 -1 -10 313 177 437 245 1.5 1.8 4.2 -5.420 1.648 18.581 1.571 0.995
Car -1 -1 -10 588 175 650 223 1.5 1.8 4.2 0.198 1.382 21.997 1.571 0.995
Car -1 -1 -10 683 176 745 238 1.5 1.8 4.2 2.121 1.362 17.184 1.571 0.991
Car -1 -1 -10 449 182 563 246 1.5 1.8 4.2 -2.118 1.452 16.424 1.571 0.986
Car -1 -1 -10 2 169 202 355 1.5 1.8 4.2 -4.447 1.573 8.334 1.571 0.961
Car -1 -1 -10 728 164 876 284 1.5 1.8 4.2 2.566 1.517 11.953 1.571 0.958
Car -1 -1 -10 562 172 590 192 1.5 1.8 4.2 -2.334 1.296 50.951 1.571 0.695
Car -1 -1 -10 843 124 1209 368 1.5 1.8 4.2 2.043 1.444 7.439 1.571 0.606
Car -1 -1 -10 409 177 489 211 1.5 1.8 4.2 -5.975 1.404 28.671 1.571 0.591
Car -1 -1 -10 553 171 579 189 1.5 1.8 4.2 -3.164 1.150 53.486 1.571 0.555
