Car -1 -1 -10 358 195 436 251 1.5 1.8 4.2 -5.433 1.974 20.332 1.571 0.994
Car -1 -1 -10 251 200 367 288 1.5 1.8 4.2 -5.347 2.024 14.787 1.571 0.993
Car -1 -1 -10 -4 220 258 360 1.5 1.8 4.2 -5.362 2.055 10.025 1.571 0.986
Car -1 -1 -10 428 192 492 228 1.5 1.8 4.2 -5.348 1.949 27.602 1.571 0.982
Car -1 -1 -10 909 143 1137 217 1.5 1.8 4.2 8.661 0.931 17.323 1.571 0.979
Car -1 -1 -10 806 159 906 205 1.5 1.8 4.2 7.380 0.971 23.891 1.571 0.950
Car -1 -1 -10 671 176 749 222 1.5 1.8 4.2 2.644 1.324 21.540 1.571 0.936
Car -1 -1 -10 650 178 674 204 1.5 1.8 4.2 2.483 1.511 37.113 1.571 0.846
Car -1 -1 -10 597 175 619 189 1.5 1.8 4.2 -0.185 1.276 59.147 1.571 0.661
Car -1 -1 -10 515 180 547 206 1.5 1.8 4.2 -5.030 1.843 47.725 1.571 0.609
Car -1 -1 -10 899 145 1025 209 1.5 1.8 4.2 7.855 0.812 18.308 1.571 0.572
Car -1 -1 -10 501 182 531 208 1.5 1.8 4.2 -5.141 1.799 41.269 1.571 0.516
