Car -1 -1 -10 6 203 166 313 1.5 1.8 4.2 -6.918 1.835 11.549 1.571 0.989
Car -1 -1 -10 301 184 395 236 1.5 1.8 4.2 -6.620 1.583 20.189 1.571 0.966
Car -1 -1 -10 64 187 226 275 1.5 1.8 4.2 -7.107 1.549 13.042 1.571 0.917
Car -1 -1 -10 653 176 675 192 1.5 1.8 4.2 4.037 1.441 56.426 1.571 0.886
Car -1 -1 -10 613 177 637 189 1.5 1.8 4.2 1.197 1.316 60.939 1.571 0.868
Car -1 -1 -10 227 188 331 258 1.5 1.8 4.2 -6.521 1.663 16.198 1.571 0.827
Car -1 -1 -10 1116 151 1250 181 1.5 1.8 4.2 14.536 0.207 20.469 1.571 0.705
Car -1 -1 -10 685 179 699 189 1.5 1.8 4.2 6.050 1.197 55.594 1.571 0.644
Car -1 -1 -10 519 182 539 196 1.5 1.8 4.2 -5.712 1.623 52.702 1.571 0.625
Car -1 -1 -10 480 181 512 205 1.5 1.8 4.2 -5.999 1.680 39.820 1.571 0.527
Car -1 -1 -10 504 178 524 204 1.5 1.8 4.2 -5.598 1.572 43.896 1.571 0.522
