Car -1 -1 -10 907 198 1231 382 1.5 1.8 4.2 3.072 1.427 7.023 1.571 1.000
Car -1 -1 -10 299 192 469 292 1.5 1.8 4.2 -3.211 1.663 12.171 1.571 0.999
Car -1 -1 -10 779 185 997 313 1.5 1.8 4.2 3.527 1.806 11.402 1.571 0.994
Car -1 -1 -10 450 184 516 252 1.5 1.8 4.2 -2.859 1.749 18.046 1.571 0.990
Car -1 -1 -10 734 186 822 246 1.5 1.8 4.2 3.615 1.596 17.850 1.571 0.983
Car -1 -1 -10 547 182 605 216 1.5 1.8 4.2 -1.359 1.666 29.972 1.571 0.953
Car -1 -1 -10 717 181 769 231 1.5 1.8 4.2 3.734 1.654 22.627 1.571 0.931
Car -1 -1 -10 462 177 551 235 1.5 1.8 4.2 -2.748 2.021 25.569 1.571 0.928
Car -1 -1 -10 653 177 707 203 1.5 1.8 4.2 3.669 1.596 40.315 1.571 0.910
Car -1 -1 -10 808 173 840 189 1.5 1.8 4.2 16.130 1.219 56.584 1.571 0.694
Car -1 -1 -10 864 163 912 191 1.5 1.8 4.2 15.584 1.019 42.645 1.571 0.569
Car -1 -1 -10 757 170 789 186 1.5 1.8 4.2 13.045 1.054 59.964 1.571 0.517
