Car -1 -1 -10 5 219 159 333 1.5 1.8 4.2 -6.192 1.860 10.483 1.571 0.988
Car -1 -1 -10 35 185 205 247 1.5 1.8 4.2 -10.935 1.646 18.124 1.571 0.986
Car -1 -1 -10 1192 152 1240 170 1.5 1.8 4.2 43.820 -0.207 54.310 1.571 0.979
Car -1 -1 -10 718 167 746 193 1.5 1.8 4.2 7.175 1.072 44.746 1.571 0.975
Car -1 -1 -10 416 182 474 212 1.5 1.8 4.2 -7.121 1.679 33.050 1.571 0.944
Car -1 -1 -10 575 178 629 210 1.5 1.8 4.2 -0.337 1.348 28.297 1.571 0.934
Car -1 -1 -10 1163 152 1197 170 1.5 1.8 4.2 41.355 -0.208 54.488 1.571 0.898
Car -1 -1 -10 1103 152 1137 178 1.5 1.8 4.2 31.194 0.009 46.283 1.571 0.850
Car -1 -1 -10 1134 156 1166 172 1.5 1.8 4.2 37.210 -0.059 51.862 1.571 0.848
Car -1 -1 -10 1042 152 1072 178 1.5 1.8 4.2 27.432 0.070 46.437 1.571 0.813
Car -1 -1 -10 890 156 918 170 1.5 1.8 4.2 23.102 -0.225 58.864 1.571 0.716
