Car -1 -1 -10 914 181 1242 355 1.5 1.8 4.2 3.908 1.543 8.215 1.571 0.998
Car -1 -1 -10 635 177 713 233 1.5 1.8 4.2 1.697 1.641 21.792 1.571 0.990
Car -1 -1 -10 898 162 1132 298 1.5 1.8 4.2 4.586 1.434 10.372 1.571 0.974
Car -1 -1 -10 191 184 429 234 1.5 1.8 4.2 -6.510 1.316 17.631 1.571 0.855
Car -1 -1 -10 404 175 494 213 1.5 1.8 4.2 -5.986 1.481 28.721 1.571 0.690
Car -1 -1 -10 501 174 525 192 1.5 1.8 4.2 -6.678 1.312 51.539 1.571 0.671
Car -1 -1 -10 488 171 514 197 1.5 1.8 4.2 -6.680 1.228 46.088 1.571 0.642
Car -1 -1 -10 522 174 540 188 1.5 1.8 4.2 -6.435 1.228 60.634 1.571 0.575
Car -1 -1 -10 613 174 651 198 1.5 1.8 4.2 0.997 1.187 36.164 1.571 0.539
Car -1 -1 -10 537 172 557 184 1.5 1.8 4.2 -5.250 0.924 61.939 1.571 0.527
