Car -1 -1 -10 -7 226 411 368 1.5 1.8 4.2 -2.762 1.293 6.881 1.571 0.993
Car -1 -1 -10 334 195 502 319 1.5 1.8 4.2 -2.368 1.759 10.786 1.571 0.993
Car -1 -1 -10 478 179 550 239 1.5 1.8 4.2 -2.577 1.740 21.087 1.571 0.992
Car -1 -1 -10 1001 159 1097 197 1.5 1.8 4.2 18.299 1.009 32.247 1.571 0.991
Car -1 -1 -10 788 186 964 308 1.5 1.8 4.2 2.791 1.447 9.828 1.571 0.976
Car -1 -1 -10 638 167 698 185 1.5 1.8 4.2 4.285 0.903 55.767 1.571 0.972
Car -1 -1 -10 1087 170 1193 214 1.5 1.8 4.2 15.407 1.200 23.142 1.571 0.961
Car -1 -1 -10 763 162 861 216 1.5 1.8 4.2 7.375 1.585 28.608 1.571 0.945
Car -1 -1 -10 1188 155 1238 183 1.5 1.8 4.2 29.427 0.496 37.360 1.571 0.741
Car -1 -1 -10 888 175 956 215 1.5 1.8 4.2 7.125 0.969 18.697 1.571 0.688
Car -1 -1 -10 502 187 564 227 1.5 1.8 4.2 -1.943 1.681 24.504 1.571 0.644
Car -1 -1 -10 1078 155 1120 171 1.5 1.8 4.2 34.649 -0.132 53.271 1.571 0.630
