Car -1 -1 -10 123 194 287 306 1.5 1.8 4.2 -5.333 1.734 11.500 1.571 0.993
Car -1 -1 -10 980 192 1228 320 1.5 1.8 4.2 5.912 1.777 10.817 1.571 0.990
Car -1 -1 -10 672 188 746 240 1.5 1.8 4.2 2.612 1.806 21.505 1.571 0.986
Car -1 -1 -10 303 192 439 252 1.5 1.8 4.2 -5.339 1.751 18.061 1.571 0.970
Car -1 -1 -10 464 183 524 217 1.5 1.8 4.2 -5.367 2.026 35.224 1.571 0.948
Car -1 -1 -10 221 196 339 276 1.5 1.8 4.2 -5.147 1.591 13.233 1.571 0.939
Car -1 -1 -10 397 186 469 234 1.5 1.8 4.2 -5.411 1.852 23.960 1.571 0.933
Car -1 -1 -10 638 183 686 219 1.5 1.8 4.2 1.903 1.729 29.140 1.571 0.923
Car -1 -1 -10 2 150 146 372 1.5 1.8 4.2 -4.101 1.501 7.541 1.571 0.912
Car -1 -1 -10 623 176 639 202 1.5 1.8 4.2 1.304 1.538 48.064 1.571 0.543
