Car -1 -1 -10 816 174 1246 372 1.5 1.8 4.2 2.154 1.047 5.894 1.571 0.999
Car -1 -1 -10 468 178 524 236 1.5 1.8 4.2 -2.995 1.631 20.738 1.571 0.994
Car -1 -1 -10 839 164 941 212 1.5 1.8 4.2 8.712 1.224 24.674 1.571 0.980
Car -1 -1 -10 676 174 736 216 1.5 1.8 4.2 3.114 1.420 25.860 1.571 0.971
Car -1 -1 -10 5 187 449 365 1.5 1.8 4.2 -2.397 1.173 6.504 1.571 0.960
Car -1 -1 -10 400 186 480 258 1.5 1.8 4.2 -3.285 1.618 15.812 1.571 0.953
Car -1 -1 -10 523 169 575 211 1.5 1.8 4.2 -2.515 1.545 31.328 1.571 0.937
Car -1 -1 -10 794 165 860 201 1.5 1.8 4.2 8.046 1.049 29.007 1.571 0.932
Car -1 -1 -10 930 159 986 199 1.5 1.8 4.2 10.437 0.788 23.841 1.571 0.779
Car -1 -1 -10 560 173 593 195 1.5 1.8 4.2 -1.402 1.161 39.931 1.571 0.623
Car -1 -1 -10 744 166 774 192 1.5 1.8 4.2 7.993 1.032 40.994 1.571 0.614
