Car -1 -1 -10 1040 155 1070 181 1.5 1.8 4.2 27.148 0.253 46.175 1.571 0.888
Car -1 -1 -10 1186 155 1238 173 1.5 1.8 4.2 46.095 0.011 57.382 1.571 0.882
Car -1 -1 -10 1157 156 1189 174 1.5 1.8 4.2 44.742 0.091 59.475 1.571 0.874
Car -1 -1 -10 1094 159 1134 177 1.5 1.8 4.2 33.571 0.276 50.208 1.571 0.860
Car -1 -1 -10 474 180 514 210 1.5 1.8 4.2 -5.849 1.860 38.234 1.571 0.793
Car -1 -1 -10 725 175 739 189 1.5 1.8 4.2 10.897 1.445 66.682 1.571 0.763
Car -1 -1 -10 661 174 691 202 1.5 1.8 4.2 3.659 1.632 42.511 1.571 0.749
Car -1 -1 -10 1010 155 1038 181 1.5 1.8 4.2 26.800 0.268 48.866 1.571 0.734
Car -1 -1 -10 689 168 725 204 1.5 1.8 4.2 4.746 1.537 37.702 1.571 0.693
Car -1 -1 -10 1130 158 1162 174 1.5 1.8 4.2 39.075 0.083 54.741 1.571 0.683
Car -1 -1 -10 245 180 381 236 1.5 1.8 4.2 -9.288 1.964 24.547 1.571 0.654
Car -1 -1 -10 731 176 745 186 1.5 1.8 4.2 10.770 1.108 62.953 1.571 0.506
