Car -1 -1 -10 604 191 734 277 1.5 1.8 4.2 0.923 1.726 14.062 1.571 0.999
Car -1 -1 -10 739 190 903 306 1.5 1.8 4.2 2.269 1.467 10.054 1.571 0.999
Car -1 -1 -10 166 199 302 283 1.5 1.8 4.2 -7.176 2.086 15.767 1.571 0.983
Car -1 -1 -10 265 188 333 246 1.5 1.8 4.2 -8.325 1.946 21.298 1.571 0.976
Car -1 -1 -10 546 185 616 241 1.5 1.8 4.2 -0.794 1.746 20.585 1.571 0.953
Car -1 -1 -10 418 177 458 219 1.5 1.8 4.2 -8.195 2.187 36.306 1.571 0.907
Car -1 -1 -10 444 184 474 204 1.5 1.8 4.2 -9.930 2.156 52.042 1.571 0.881
Car -1 -1 -10 475 184 515 210 1.5 1.8 4.2 -6.296 1.815 37.359 1.571 0.706
Car -1 -1 -10 487 183 532 213 1.5 1.8 4.2 -5.321 1.859 35.517 1.571 0.621
Car -1 -1 -10 379 184 401 198 1.5 1.8 4.2 -19.861 2.217 65.717 1.571 0.548
Car -1 -1 -10 506 192 558 226 1.5 1.8 4.2 -3.421 1.888 27.731 1.571 0.536
Car -1 -1 -10 394 181 406 189 1.5 1.8 4.2 -25.806 1.983 90.740 1.571 0.507
