Car -1 -1 -10 726 172 852 248 1.5 1.8 4.2 3.368 1.436 15.891 1.571 0.994
Car -1 -1 -10 583 176 671 248 1.5 1.8 4.2 0.276 1.457 16.092 1.571 0.992
Car -1 -1 -10 169 179 299 241 1.5 1.8 4.2 -10.018 1.806 21.228 1.571 0.968
Car -1 -1 -10 -7 175 183 275 1.5 1.8 4.2 -9.862 1.919 15.657 1.571 0.961
Car -1 -1 -10 1150 184 1244 228 1.5 1.8 4.2 20.566 1.936 27.437 1.571 0.941
Car -1 -1 -10 295 180 379 222 1.5 1.8 4.2 -9.808 1.757 27.901 1.571 0.934
Car -1 -1 -10 674 173 740 205 1.5 1.8 4.2 4.031 1.350 32.408 1.571 0.928
Car -1 -1 -10 481 175 515 195 1.5 1.8 4.2 -8.534 1.682 56.897 1.571 0.871
Car -1 -1 -10 411 178 463 204 1.5 1.8 4.2 -10.050 1.802 43.861 1.571 0.820
Car -1 -1 -10 530 175 558 189 1.5 1.8 4.2 -5.439 1.324 61.274 1.571 0.515
