Car -1 -1 -10 369 201 517 291 1.5 1.8 4.2 -2.332 1.609 11.931 1.571 0.999
Car -1 -1 -10 945 242 1239 372 1.5 1.8 4.2 2.141 0.909 5.395 1.571 0.997
Car -1 -1 -10 130 191 310 279 1.5 1.8 4.2 -5.845 1.576 12.812 1.571 0.995
Car -1 -1 -10 565 180 619 220 1.5 1.8 4.2 -0.651 1.581 26.308 1.571 0.992
Car -1 -1 -10 645 182 697 222 1.5 1.8 4.2 1.994 1.644 26.245 1.571 0.981
Car -1 -1 -10 242 178 304 212 1.5 1.8 4.2 -13.993 1.620 31.966 1.571 0.973
Car -1 -1 -10 476 182 546 252 1.5 1.8 4.2 -2.059 1.604 16.721 1.571 0.904
Car -1 -1 -10 330 178 434 214 1.5 1.8 4.2 -6.704 1.201 23.159 1.571 0.888
Car -1 -1 -10 631 181 657 207 1.5 1.8 4.2 1.424 1.473 33.228 1.571 0.784
Car -1 -1 -10 512 170 544 196 1.5 1.8 4.2 -5.044 1.108 46.170 1.571 0.732
Car -1 -1 -10 616 179 642 205 1.5 1.8 4.2 0.936 1.496 39.141 1.571 0.704
Car -1 -1 -10 2 176 32 240 1.5 1.8 4.2 -6.303 0.707 9.699 1.571 0.678
