Car -1 -1 -10 497 177 555 233 1.5 1.8 4.2 -2.567 1.803 23.731 1.571 0.987
Car -1 -1 -10 748 175 866 277 1.5 1.8 4.2 2.867 1.545 12.806 1.571 0.987
Car -1 -1 -10 197 203 463 353 1.5 1.8 4.2 -2.789 1.757 9.137 1.571 0.979
Car -1 -1 -10 405 188 519 280 1.5 1.8 4.2 -2.422 1.714 13.641 1.571 0.977
Car -1 -1 -10 1026 167 1122 211 1.5 1.8 4.2 15.067 1.242 25.604 1.571 0.976
Car -1 -1 -10 841 173 905 223 1.5 1.8 4.2 7.050 1.354 21.580 1.571 0.967
Car -1 -1 -10 1181 215 1241 321 1.5 1.8 4.2 4.727 1.179 7.846 1.571 0.965
Car -1 -1 -10 552 168 612 186 1.5 1.8 4.2 -2.190 1.014 57.797 1.571 0.949
Car -1 -1 -10 960 159 1052 195 1.5 1.8 4.2 18.119 1.015 35.191 1.571 0.926
Car -1 -1 -10 0 247 86 369 1.5 1.8 4.2 -4.147 1.414 7.302 1.571 0.725
