Car -1 -1 -10 -3 182 251 300 1.5 1.8 4.2 -7.195 1.867 12.699 1.571 0.986
Car -1 -1 -10 647 174 675 192 1.5 1.8 4.2 3.946 1.492 58.326 1.571 0.918
Car -1 -1 -10 420 180 474 210 1.5 1.8 4.2 -7.358 1.667 34.483 1.571 0.888
Car -1 -1 -10 330 184 400 230 1.5 1.8 4.2 -6.213 1.437 20.247 1.571 0.867
Car -1 -1 -10 583 179 607 189 1.5 1.8 4.2 -1.235 1.301 60.244 1.571 0.863
Car -1 -1 -10 186 181 292 247 1.5 1.8 4.2 -7.337 1.455 16.265 1.571 0.740
Car -1 -1 -10 469 180 491 206 1.5 1.8 4.2 -6.502 1.498 37.963 1.571 0.698
Car -1 -1 -10 1116 152 1256 182 1.5 1.8 4.2 12.404 0.197 17.704 1.571 0.609
Car -1 -1 -10 256 183 344 235 1.5 1.8 4.2 -8.357 1.665 21.435 1.571 0.597
Car -1 -1 -10 1040 155 1134 179 1.5 1.8 4.2 13.661 0.176 22.840 1.571 0.580
Car -1 -1 -10 489 177 509 203 1.5 1.8 4.2 -6.724 1.575 45.578 1.571 0.565
Car -1 -1 -10 1 191 41 333 1.5 1.8 4.2 -7.343 1.981 11.026 1.571 0.523
