Car -1 -1 -10 742 163 904 223 1.5 1.8 4.2 5.364 1.275 20.443 1.571 0.997
Car -1 -1 -10 462 182 514 222 1.5 1.8 4.2 -4.576 1.825 28.895 1.571 0.978
Car -1 -1 -10 501 181 540 207 1.5 1.8 4.2 -3.902 1.648 36.928 1.571 0.966
Car -1 -1 -10 546 177 582 203 1.5 1.8 4.2 -2.440 1.573 39.757 1.571 0.963
Car -1 -1 -10 486 183 530 211 1.5 1.8 4.2 -4.052 1.680 33.892 1.571 0.881
Car -1 -1 -10 1031 147 1139 177 1.5 1.8 4.2 3.486 0.031 7.484 1.571 0.855
Car -1 -1 -10 970 147 1044 177 1.5 1.8 4.2 24.010 0.251 45.803 1.571 0.818
Car -1 -1 -10 755 154 833 182 1.5 1.8 4.2 9.317 0.465 38.793 1.571 0.774
Car -1 -1 -10 647 170 685 196 1.5 1.8 4.2 2.616 0.956 36.333 1.571 0.661
Car -1 -1 -10 874 148 938 174 1.5 1.8 4.2 20.889 0.081 53.095 1.571 0.607
Car -1 -1 -10 629 175 657 193 1.5 1.8 4.2 2.621 1.616 59.983 1.571 0.573
Car -1 -1 -10 534 180 567 202 1.5 1.8 4.2 -3.622 1.559 40.690 1.571 0.541
Car -1 -1 -10 931 150 975 176 1.5 1.8 4.2 20.504 0.008 45.307 1.571 0.502
