Car -1 -1 -10 686 179 790 255 1.5 1.8 4.2 2.191 1.441 14.760 1.571 0.996
Car -1 -1 -10 761 183 991 325 1.5 1.8 4.2 2.511 1.469 9.069 1.571 0.996
Car -1 -1 -10 494 195 652 317 1.5 1.8 4.2 -0.457 1.556 9.888 1.571 0.996
Car -1 -1 -10 641 179 675 211 1.5 1.8 4.2 1.612 1.318 27.044 1.571 0.935
Car -1 -1 -10 656 181 710 231 1.5 1.8 4.2 1.689 1.386 19.306 1.571 0.918
Car -1 -1 -10 241 186 301 212 1.5 1.8 4.2 -20.517 2.123 45.694 1.571 0.892
Car -1 -1 -10 84 184 168 210 1.5 1.8 4.2 -31.031 2.251 48.310 1.571 0.821
Car -1 -1 -10 573 169 643 221 1.5 1.8 4.2 -0.098 1.095 18.518 1.571 0.782
Car -1 -1 -10 154 187 224 205 1.5 1.8 4.2 -27.788 2.119 49.668 1.571 0.641
Car -1 -1 -10 336 179 396 203 1.5 1.8 4.2 -9.283 1.141 29.417 1.571 0.638
