Car -1 -1 -10 888 180 1238 340 1.5 1.8 4.2 4.402 1.645 9.203 1.571 0.998
Car -1 -1 -10 1112 244 1236 376 1.5 1.8 4.2 3.906 1.428 7.172 1.571 0.989
Car -1 -1 -10 633 182 701 228 1.5 1.8 4.2 1.586 1.582 22.800 1.571 0.984
Car -1 -1 -10 1 185 99 359 1.5 1.8 4.2 -5.376 1.768 8.952 1.571 0.936
Car -1 -1 -10 610 176 646 202 1.5 1.8 4.2 0.796 1.356 35.681 1.571 0.900
Car -1 -1 -10 219 183 395 229 1.5 1.8 4.2 -6.999 1.287 18.643 1.571 0.805
Car -1 -1 -10 502 176 524 192 1.5 1.8 4.2 -6.992 1.374 53.886 1.571 0.711
Car -1 -1 -10 440 180 494 212 1.5 1.8 4.2 -5.601 1.521 30.135 1.571 0.708
Car -1 -1 -10 472 179 496 205 1.5 1.8 4.2 -5.753 1.457 34.804 1.571 0.625
Car -1 -1 -10 524 177 540 189 1.5 1.8 4.2 -6.351 1.309 60.603 1.571 0.571
Car -1 -1 -10 573 170 587 178 1.5 1.8 4.2 -2.551 0.433 62.853 1.571 0.521
