Car -1 -1 -10 297 188 447 306 1.5 1.8 4.2 -3.034 1.665 11.127 1.571 0.999
Car -1 -1 -10 778 182 970 286 1.5 1.8 4.2 3.333 1.452 11.363 1.571 0.998
Car -1 -1 -10 -1 200 325 378 1.5 1.8 4.2 -2.950 1.323 6.756 1.571 0.994
Car -1 -1 -10 976 182 1232 376 1.5 1.8 4.2 3.375 1.412 7.116 1.571 0.994
Car -1 -1 -10 650 170 710 202 1.5 1.8 4.2 3.102 1.309 34.513 1.571 0.990
Car -1 -1 -10 734 174 822 240 1.5 1.8 4.2 3.806 1.542 18.670 1.571 0.990
Car -1 -1 -10 525 174 593 222 1.5 1.8 4.2 -1.667 1.559 24.998 1.571 0.979
Car -1 -1 -10 708 167 738 189 1.5 1.8 4.2 7.474 1.072 50.031 1.571 0.907
Car -1 -1 -10 887 152 947 184 1.5 1.8 4.2 15.120 0.550 37.732 1.571 0.903
Car -1 -1 -10 290 179 326 205 1.5 1.8 4.2 -6.112 0.524 16.575 1.571 0.866
Car -1 -1 -10 429 169 519 249 1.5 1.8 4.2 -3.246 1.788 19.047 1.571 0.803
Car -1 -1 -10 823 165 855 183 1.5 1.8 4.2 15.725 0.698 51.748 1.571 0.735
Car -1 -1 -10 945 153 985 179 1.5 1.8 4.2 17.767 0.317 39.341 1.571 0.571
Car -1 -1 -10 778 166 812 182 1.5 1.8 4.2 15.119 0.748 61.167 1.571 0.515
