Car -1 -1 -10 26 187 338 307 1.5 1.8 4.2 -5.750 1.784 11.699 1.571 0.998
Car -1 -1 -10 -2 204 90 358 1.5 1.8 4.2 -4.307 1.389 7.515 1.571 0.984
Car -1 -1 -10 277 180 409 244 1.5 1.8 4.2 -5.518 1.456 16.868 1.571 0.958
Car -1 -1 -10 673 184 759 240 1.5 1.8 4.2 2.322 1.504 18.262 1.571 0.945
Car -1 -1 -10 748 179 842 219 1.5 1.8 4.2 5.783 1.454 24.842 1.571 0.886
Car -1 -1 -10 190 185 366 273 1.5 1.8 4.2 -4.888 1.457 12.601 1.571 0.835
Car -1 -1 -10 471 173 531 205 1.5 1.8 4.2 -4.664 1.362 32.683 1.571 0.804
Car -1 -1 -10 629 176 653 190 1.5 1.8 4.2 2.176 1.220 53.454 1.571 0.709
Car -1 -1 -10 320 164 490 232 1.5 1.8 4.2 -5.434 1.553 21.048 1.571 0.688
Car -1 -1 -10 535 174 565 192 1.5 1.8 4.2 -4.341 1.375 53.931 1.571 0.619
