Car -1 -1 -10 591 183 659 233 1.5 1.8 4.2 0.342 1.574 20.989 1.571 0.998
Car -1 -1 -10 863 204 1243 382 1.5 1.8 4.2 3.320 1.595 7.604 1.571 0.997
Car -1 -1 -10 269 178 467 274 1.5 1.8 4.2 -3.542 1.457 12.494 1.571 0.992
Car -1 -1 -10 -1 209 147 379 1.5 1.8 4.2 -2.819 1.059 5.807 1.571 0.992
Car -1 -1 -10 88 184 282 260 1.5 1.8 4.2 -7.602 1.547 14.913 1.571 0.984
Car -1 -1 -10 2 176 106 220 1.5 1.8 4.2 -13.513 1.141 19.569 1.571 0.984
Car -1 -1 -10 469 178 553 222 1.5 1.8 4.2 -3.192 1.560 25.014 1.571 0.964
Car -1 -1 -10 758 171 906 277 1.5 1.8 4.2 3.707 1.765 14.328 1.571 0.958
Car -1 -1 -10 421 182 477 244 1.5 1.8 4.2 -3.203 1.391 16.214 1.571 0.884
Car -1 -1 -10 691 171 739 217 1.5 1.8 4.2 3.759 1.600 28.249 1.571 0.831
Car -1 -1 -10 251 174 319 218 1.5 1.8 4.2 -9.111 1.258 22.218 1.571 0.565
