Car -1 -1 -10 787 179 1017 275 1.5 1.8 4.2 3.485 1.239 10.852 1.571 0.997
Car -1 -1 -10 576 175 690 269 1.5 1.8 4.2 0.301 1.491 13.290 1.571 0.997
Car -1 -1 -10 219 185 325 233 1.5 1.8 4.2 -9.904 1.753 23.137 1.571 0.995
Car -1 -1 -10 8 178 208 266 1.5 1.8 4.2 -10.210 1.884 16.699 1.571 0.994
Car -1 -1 -10 689 172 773 210 1.5 1.8 4.2 4.256 1.320 27.754 1.571 0.932
Car -1 -1 -10 518 175 550 189 1.5 1.8 4.2 -5.813 1.228 57.012 1.571 0.808
Car -1 -1 -10 302 173 362 205 1.5 1.8 4.2 -13.170 1.518 36.175 1.571 0.792
Car -1 -1 -10 382 175 424 205 1.5 1.8 4.2 -11.665 1.805 42.629 1.571 0.779
Car -1 -1 -10 467 173 507 195 1.5 1.8 4.2 -8.809 1.580 53.597 1.571 0.761
Car -1 -1 -10 668 171 692 197 1.5 1.8 4.2 3.573 0.988 39.339 1.571 0.622
Car -1 -1 -10 -4 184 74 236 1.5 1.8 4.2 -12.064 1.319 17.171 1.571 0.605
Car -1 -1 -10 434 177 462 201 1.5 1.8 4.2 -8.598 1.487 40.220 1.571 0.511
