Car -1 -1 -10 90 187 262 257 1.5 1.8 4.2 -10.085 1.945 18.779 1.571 0.999
Car -1 -1 -10 952 172 1234 364 1.5 1.8 4.2 3.032 1.223 6.718 1.571 0.999
Car -1 -1 -10 576 179 716 303 1.5 1.8 4.2 0.341 1.438 10.073 1.571 0.996
Car -1 -1 -10 1 186 71 288 1.5 1.8 4.2 -9.859 1.967 14.425 1.571 0.971
Car -1 -1 -10 258 177 344 213 1.5 1.8 4.2 -12.886 1.668 32.088 1.571 0.968
Car -1 -1 -10 711 174 809 220 1.5 1.8 4.2 4.398 1.398 23.493 1.571 0.967
Car -1 -1 -10 465 174 497 198 1.5 1.8 4.2 -8.948 1.738 51.974 1.571 0.803
Car -1 -1 -10 371 181 425 211 1.5 1.8 4.2 -9.246 1.656 33.421 1.571 0.779
Car -1 -1 -10 520 175 546 191 1.5 1.8 4.2 -6.164 1.446 59.607 1.571 0.683
Car -1 -1 -10 433 179 473 205 1.5 1.8 4.2 -8.324 1.614 38.326 1.571 0.667
Car -1 -1 -10 418 178 450 206 1.5 1.8 4.2 -8.839 1.657 38.170 1.571 0.632
