Car -1 -1 -10 776 189 1220 373 1.5 1.8 4.2 2.759 1.453 7.341 1.571 1.000
Car -1 -1 -10 -4 231 88 369 1.5 1.8 4.2 -5.201 1.776 8.633 1.571 0.997
Car -1 -1 -10 733 178 881 276 1.5 1.8 4.2 2.792 1.491 12.529 1.571 0.994
Car -1 -1 -10 678 182 750 230 1.5 1.8 4.2 2.969 1.658 23.039 1.571 0.990
Car -1 -1 -10 164 199 372 291 1.5 1.8 4.2 -5.356 1.831 13.283 1.571 0.981
Car -1 -1 -10 439 184 499 226 1.5 1.8 4.2 -5.117 1.911 28.046 1.571 0.968
Car -1 -1 -10 358 188 434 256 1.5 1.8 4.2 -5.255 2.021 19.644 1.571 0.963
Car -1 -1 -10 496 180 538 206 1.5 1.8 4.2 -5.067 1.738 41.115 1.571 0.878
Car -1 -1 -10 1119 143 1239 327 1.5 1.8 4.2 6.330 1.730 10.200 1.571 0.820
Car -1 -1 -10 655 181 691 211 1.5 1.8 4.2 2.544 1.567 31.737 1.571 0.800
Car -1 -1 -10 548 173 588 195 1.5 1.8 4.2 -3.313 1.732 58.545 1.571 0.746
Car -1 -1 -10 6 189 100 233 1.5 1.8 4.2 -12.894 1.386 18.735 1.571 0.607
