Car -1 -1 -10 252 195 408 273 1.5 1.8 4.2 -5.386 1.907 15.840 1.571 0.994
Car -1 -1 -10 795 156 915 196 1.5 1.8 4.2 8.615 0.818 27.608 1.571 0.990
Car -1 -1 -10 386 191 450 245 1.5 1.8 4.2 -5.108 1.900 21.106 1.571 0.989
Car -1 -1 -10 499 185 527 209 1.5 1.8 4.2 -4.855 1.794 37.915 1.571 0.975
Car -1 -1 -10 467 184 499 218 1.5 1.8 4.2 -5.053 1.780 30.555 1.571 0.901
Car -1 -1 -10 435 189 471 227 1.5 1.8 4.2 -5.208 1.780 25.817 1.571 0.888
Car -1 -1 -10 1046 140 1124 174 1.5 1.8 4.2 22.065 0.053 35.680 1.571 0.812
Car -1 -1 -10 1080 138 1188 174 1.5 1.8 4.2 22.153 0.048 32.664 1.571 0.720
Car -1 -1 -10 638 174 654 188 1.5 1.8 4.2 2.854 1.212 59.838 1.571 0.571
Car -1 -1 -10 537 181 561 199 1.5 1.8 4.2 -4.116 1.750 50.405 1.571 0.548
