Car -1 -1 -10 5 198 241 342 1.5 1.8 4.2 -5.056 1.736 9.505 1.571 0.941
Car -1 -1 -10 -5 208 77 372 1.5 1.8 4.2 -4.796 1.643 8.055 1.571 0.933
Car -1 -1 -10 431 172 495 216 1.5 1.8 4.2 -4.613 1.339 24.502 1.571 0.752
Car -1 -1 -10 673 184 746 232 1.5 1.8 4.2 2.158 1.592 21.528 1.571 0.733
Car -1 -1 -10 646 180 676 208 1.5 1.8 4.2 2.122 1.492 32.743 1.571 0.722
Car -1 -1 -10 712 170 918 310 1.5 1.8 4.2 2.416 1.654 10.804 1.571 0.650
Car -1 -1 -10 679 182 741 238 1.5 1.8 4.2 2.200 1.467 18.352 1.571 0.597
Car -1 -1 -10 207 187 343 269 1.5 1.8 4.2 -4.668 1.323 12.033 1.571 0.577
Car -1 -1 -10 237 166 389 252 1.5 1.8 4.2 -4.936 1.300 13.958 1.571 0.572
Car -1 -1 -10 359 167 453 237 1.5 1.8 4.2 -4.984 1.551 19.544 1.571 0.565
Car -1 -1 -10 120 195 300 275 1.5 1.8 4.2 -5.266 1.330 11.498 1.571 0.540
