Car -1 -1 -10 1076 188 1228 244 1.5 1.8 4.2 15.134 1.993 22.313 1.571 0.994
Car -1 -1 -10 77 206 177 248 1.5 1.8 4.2 -16.914 2.624 27.297 1.571 0.993
Car -1 -1 -10 185 202 279 240 1.5 1.8 4.2 -13.772 2.438 28.300 1.571 0.984
Car -1 -1 -10 573 178 663 270 1.5 1.8 4.2 0.089 1.737 15.007 1.571 0.966
Car -1 -1 -10 320 194 348 220 1.5 1.8 4.2 -16.113 2.629 44.128 1.571 0.908
Car -1 -1 -10 349 193 407 221 1.5 1.8 4.2 -11.101 2.295 36.498 1.571 0.861
Car -1 -1 -10 289 198 325 224 1.5 1.8 4.2 -17.293 2.799 43.192 1.571 0.730
Car -1 -1 -10 408 189 432 209 1.5 1.8 4.2 -13.729 2.606 54.123 1.571 0.730
Car -1 -1 -10 456 190 474 198 1.5 1.8 4.2 -12.956 2.243 66.457 1.571 0.622
Car -1 -1 -10 436 192 458 202 1.5 1.8 4.2 -13.290 2.371 60.815 1.571 0.615
