Car -1 -1 -10 591 178 661 232 1.5 1.8 4.2 0.369 1.552 21.031 1.571 0.997
Car -1 -1 -10 30 186 174 268 1.5 1.8 4.2 -7.380 1.372 12.503 1.571 0.995
Car -1 -1 -10 157 178 397 322 1.5 1.8 4.2 -3.387 1.491 9.313 1.571 0.993
Car -1 -1 -10 417 175 539 227 1.5 1.8 4.2 -3.716 1.504 22.141 1.571 0.971
Car -1 -1 -10 1047 237 1241 375 1.5 1.8 4.2 3.137 1.210 6.419 1.571 0.957
Car -1 -1 -10 330 178 442 266 1.5 1.8 4.2 -3.634 1.488 13.628 1.571 0.953
Car -1 -1 -10 793 169 1023 305 1.5 1.8 4.2 3.639 1.638 11.048 1.571 0.914
Car -1 -1 -10 699 169 755 217 1.5 1.8 4.2 3.860 1.474 26.194 1.571 0.879
Car -1 -1 -10 501 174 557 206 1.5 1.8 4.2 -2.579 1.035 24.638 1.571 0.676
Car -1 -1 -10 757 170 819 196 1.5 1.8 4.2 8.577 1.023 37.032 1.571 0.672
