Car -1 -1 -10 39 188 239 266 1.5 1.8 4.2 -9.917 1.950 17.211 1.571 0.998
Car -1 -1 -10 1121 177 1239 363 1.5 1.8 4.2 2.688 0.916 5.578 1.571 0.981
Car -1 -1 -10 718 172 832 224 1.5 1.8 4.2 4.473 1.402 21.881 1.571 0.960
Car -1 -1 -10 240 174 326 214 1.5 1.8 4.2 -12.790 1.603 30.222 1.571 0.960
Car -1 -1 -10 347 180 421 214 1.5 1.8 4.2 -9.255 1.677 31.508 1.571 0.908
Car -1 -1 -10 551 175 575 193 1.5 1.8 4.2 -3.414 1.450 54.046 1.571 0.898
Car -1 -1 -10 578 182 744 340 1.5 1.8 4.2 0.397 1.493 8.546 1.571 0.771
Car -1 -1 -10 521 176 547 192 1.5 1.8 4.2 -5.860 1.469 57.465 1.571 0.661
Car -1 -1 -10 604 172 624 182 1.5 1.8 4.2 0.321 0.789 64.347 1.571 0.635
Car -1 -1 -10 402 176 456 208 1.5 1.8 4.2 -8.795 1.700 36.999 1.571 0.616
Car -1 -1 -10 463 172 501 198 1.5 1.8 4.2 -2.810 0.477 17.645 1.571 0.526
