Car -1 -1 -10 889 200 1239 380 1.5 1.8 4.2 2.629 1.226 6.372 1.571 0.998
Car -1 -1 -10 256 179 484 293 1.5 1.8 4.2 -3.091 1.519 11.222 1.571 0.995
Car -1 -1 -10 784 184 962 298 1.5 1.8 4.2 2.895 1.405 10.200 1.571 0.989
Car -1 -1 -10 592 173 688 227 1.5 1.8 4.2 0.764 1.469 21.674 1.571 0.982
Car -1 -1 -10 682 168 708 196 1.5 1.8 4.2 3.743 1.031 34.236 1.571 0.907
Car -1 -1 -10 711 165 739 189 1.5 1.8 4.2 6.405 0.904 42.519 1.571 0.864
Car -1 -1 -10 -1 163 125 373 1.5 1.8 4.2 -3.654 1.313 6.833 1.571 0.762
Car -1 -1 -10 713 156 765 188 1.5 1.8 4.2 7.737 0.912 45.575 1.571 0.723
Car -1 -1 -10 813 164 867 190 1.5 1.8 4.2 11.066 0.731 36.944 1.571 0.593
Car -1 -1 -10 184 182 220 208 1.5 1.8 4.2 -24.498 1.807 45.360 1.571 0.567
Car -1 -1 -10 465 179 495 187 1.5 1.8 4.2 -10.099 1.096 57.999 1.571 0.520
Car -1 -1 -10 956 145 1046 199 1.5 1.8 4.2 12.873 0.864 25.943 1.571 0.512
