Car -1 -1 -10 890 209 1234 373 1.5 1.8 4.2 1.940 0.885 5.293 1.571 0.993
Car -1 -1 -10 798 185 1048 347 1.5 1.8 4.2 2.743 1.558 8.558 1.571 0.993
Car -1 -1 -10 262 186 534 346 1.5 1.8 4.2 -2.132 1.694 9.159 1.571 0.974
Car -1 -1 -10 701 178 753 216 1.5 1.8 4.2 4.169 1.554 28.094 1.571 0.964
Car -1 -1 -10 518 183 564 231 1.5 1.8 4.2 -2.091 1.721 23.457 1.571 0.950
Car -1 -1 -10 563 170 619 208 1.5 1.8 4.2 -0.899 1.585 34.642 1.571 0.928
Car -1 -1 -10 317 190 357 202 1.5 1.8 4.2 -21.342 2.275 58.433 1.571 0.744
Car -1 -1 -10 1092 142 1236 222 1.5 1.8 4.2 11.264 1.004 16.840 1.571 0.740
Car -1 -1 -10 1 199 21 225 1.5 1.8 4.2 -36.126 2.901 45.574 1.571 0.725
Car -1 -1 -10 937 148 1117 232 1.5 1.8 4.2 8.234 1.175 16.439 1.571 0.693
Car -1 -1 -10 828 169 924 195 1.5 1.8 4.2 7.369 0.617 22.223 1.571 0.685
Car -1 -1 -10 812 171 870 199 1.5 1.8 4.2 10.259 1.166 34.276 1.571 0.589
Car -1 -1 -10 763 169 819 193 1.5 1.8 4.2 9.344 1.044 39.504 1.571 0.584
Car -1 -1 -10 271 193 295 203 1.5 1.8 4.2 -25.258 2.326 57.770 1.571 0.513
Car -1 -1 -10 601 172 623 198 1.5 1.8 4.2 0.065 1.261 39.778 1.571 0.503
