Car -1 -1 -10 4 189 250 371 1.5 1.8 4.2 -3.002 1.207 6.496 1.571 0.998
Car -1 -1 -10 594 179 660 231 1.5 1.8 4.2 0.393 1.517 20.931 1.571 0.997
Car -1 -1 -10 380 178 524 234 1.5 1.8 4.2 -3.731 1.424 18.902 1.571 0.995
Car -1 -1 -10 173 181 369 303 1.5 1.8 4.2 -3.774 1.427 10.011 1.571 0.981
Car -1 -1 -10 852 176 1248 378 1.5 1.8 4.2 3.453 1.637 7.858 1.571 0.962
Car -1 -1 -10 729 181 793 235 1.5 1.8 4.2 3.576 1.493 19.436 1.571 0.939
Car -1 -1 -10 486 174 546 208 1.5 1.8 4.2 -3.407 1.256 27.897 1.571 0.878
Car -1 -1 -10 766 187 896 273 1.5 1.8 4.2 2.691 1.245 11.072 1.571 0.810
Car -1 -1 -10 709 169 773 221 1.5 1.8 4.2 3.804 1.416 23.325 1.571 0.771
Car -1 -1 -10 770 168 838 194 1.5 1.8 4.2 8.385 0.788 33.447 1.571 0.562
Car -1 -1 -10 567 167 597 193 1.5 1.8 4.2 -1.755 1.114 46.415 1.571 0.527
