Car -1 -1 -10 732 163 878 215 1.5 1.8 4.2 5.698 1.242 23.367 1.571 0.995
Car -1 -1 -10 1016 147 1120 177 1.5 1.8 4.2 22.253 0.202 37.222 1.571 0.993
Car -1 -1 -10 489 178 537 212 1.5 1.8 4.2 -4.072 1.625 32.066 1.571 0.982
Car -1 -1 -10 564 171 594 197 1.5 1.8 4.2 -1.877 1.374 44.942 1.571 0.963
Car -1 -1 -10 971 148 1033 174 1.5 1.8 4.2 21.235 0.062 41.257 1.571 0.915
Car -1 -1 -10 663 167 691 193 1.5 1.8 4.2 3.651 0.944 41.830 1.571 0.897
Car -1 -1 -10 504 177 546 205 1.5 1.8 4.2 -3.465 1.487 35.476 1.571 0.761
Car -1 -1 -10 618 172 644 190 1.5 1.8 4.2 1.597 1.327 57.948 1.571 0.758
Car -1 -1 -10 634 173 658 189 1.5 1.8 4.2 2.676 1.213 56.314 1.571 0.739
Car -1 -1 -10 519 178 554 200 1.5 1.8 4.2 -3.429 1.416 39.733 1.571 0.718
Car -1 -1 -10 1176 136 1242 180 1.5 1.8 4.2 23.225 0.271 29.491 1.571 0.706
Car -1 -1 -10 754 152 830 178 1.5 1.8 4.2 10.650 0.243 44.466 1.571 0.562
