Car -1 -1 -10 -5 181 225 297 1.5 1.8 4.2 -7.403 1.650 12.712 1.571 0.992
Car -1 -1 -10 698 192 812 264 1.5 1.8 4.2 2.588 1.413 14.994 1.571 0.990
Car -1 -1 -10 256 193 444 301 1.5 1.8 4.2 -3.336 1.473 11.247 1.571 0.981
Car -1 -1 -10 436 182 506 236 1.5 1.8 4.2 -3.655 1.340 21.061 1.571 0.939
Car -1 -1 -10 652 184 702 220 1.5 1.8 4.2 2.364 1.209 27.090 1.571 0.891
Car -1 -1 -10 617 179 643 199 1.5 1.8 4.2 1.487 0.937 50.972 1.571 0.778
Car -1 -1 -10 539 178 553 204 1.5 1.8 4.2 -4.056 0.834 49.003 1.571 0.758
Car -1 -1 -10 582 178 608 204 1.5 1.8 4.2 -0.772 0.860 43.894 1.571 0.724
Car -1 -1 -10 389 184 439 218 1.5 1.8 4.2 -7.374 1.241 29.303 1.571 0.718
Car -1 -1 -10 506 186 538 206 1.5 1.8 4.2 -3.437 0.920 33.928 1.571 0.540
