Car -1 -1 -10 410 190 484 232 1.5 1.8 4.2 -5.326 1.915 25.466 1.571 0.991
Car -1 -1 -10 979 142 1229 224 1.5 1.8 4.2 8.920 0.929 15.208 1.571 0.990
Car -1 -1 -10 318 196 416 258 1.5 1.8 4.2 -5.547 1.925 18.416 1.571 0.988
Car -1 -1 -10 152 208 328 310 1.5 1.8 4.2 -5.432 1.992 12.584 1.571 0.984
Car -1 -1 -10 688 177 770 235 1.5 1.8 4.2 2.805 1.491 19.420 1.571 0.951
Car -1 -1 -10 937 140 1071 212 1.5 1.8 4.2 8.077 0.807 16.988 1.571 0.934
Car -1 -1 -10 816 154 980 206 1.5 1.8 4.2 7.907 0.915 22.035 1.571 0.914
Car -1 -1 -10 661 179 687 209 1.5 1.8 4.2 2.503 1.439 30.825 1.571 0.805
Car -1 -1 -10 -1 221 171 371 1.5 1.8 4.2 -5.182 1.933 9.142 1.571 0.774
Car -1 -1 -10 650 178 676 206 1.5 1.8 4.2 2.458 1.563 36.124 1.571 0.616
Car -1 -1 -10 499 182 531 208 1.5 1.8 4.2 -4.925 1.756 39.205 1.571 0.600
Car -1 -1 -10 519 183 549 201 1.5 1.8 4.2 -5.336 1.964 52.461 1.571 0.569
