Car -1 -1 -10 403 186 475 232 1.5 1.8 4.2 -5.007 1.714 23.017 1.571 0.995
Car -1 -1 -10 317 188 387 228 1.5 1.8 4.2 -8.676 1.844 26.232 1.571 0.995
Car -1 -1 -10 0 205 80 319 1.5 1.8 4.2 -7.793 1.983 11.894 1.571 0.991
Car -1 -1 -10 59 193 235 281 1.5 1.8 4.2 -8.160 1.893 14.732 1.571 0.982
Car -1 -1 -10 219 193 323 251 1.5 1.8 4.2 -8.122 1.860 19.277 1.571 0.967
Car -1 -1 -10 1139 139 1237 179 1.5 1.8 4.2 20.776 0.221 28.093 1.571 0.911
Car -1 -1 -10 627 168 659 194 1.5 1.8 4.2 1.782 1.111 41.895 1.571 0.882
Car -1 -1 -10 660 171 694 197 1.5 1.8 4.2 3.320 1.110 38.289 1.571 0.816
Car -1 -1 -10 1086 142 1152 174 1.5 1.8 4.2 18.598 0.042 28.529 1.571 0.721
Car -1 -1 -10 682 171 706 191 1.5 1.8 4.2 5.782 1.256 52.036 1.571 0.693
Car -1 -1 -10 28 197 114 231 1.5 1.8 4.2 -11.046 1.186 16.816 1.571 0.565
