Car -1 -1 -10 132 176 408 318 1.5 1.8 4.2 -3.627 1.524 9.676 1.571 0.998
Car -1 -1 -10 585 172 651 220 1.5 1.8 4.2 0.175 1.322 22.336 1.571 0.992
Car -1 -1 -10 8 176 214 270 1.5 1.8 4.2 -7.749 1.498 13.225 1.571 0.987
Car -1 -1 -10 966 202 1236 380 1.5 1.8 4.2 3.330 1.430 7.081 1.571 0.981
Car -1 -1 -10 798 187 1020 301 1.5 1.8 4.2 3.409 1.485 10.463 1.571 0.975
Car -1 -1 -10 343 173 485 239 1.5 1.8 4.2 -4.182 1.393 17.302 1.571 0.913
Car -1 -1 -10 463 168 533 218 1.5 1.8 4.2 -3.066 1.215 21.530 1.571 0.867
Car -1 -1 -10 741 163 875 253 1.5 1.8 4.2 3.700 1.519 15.778 1.571 0.840
Car -1 -1 -10 515 160 579 194 1.5 1.8 4.2 -3.101 1.027 37.151 1.571 0.684
Car -1 -1 -10 422 168 510 226 1.5 1.8 4.2 -3.545 1.289 19.607 1.571 0.600
Car -1 -1 -10 1 188 19 304 1.5 1.8 4.2 -6.947 1.506 10.385 1.571 0.558
