Car -1 -1 -10 726 181 920 293 1.5 1.8 4.2 2.398 1.385 10.418 1.571 0.990
Car -1 -1 -10 343 184 417 226 1.5 1.8 4.2 -7.342 1.685 24.982 1.571 0.979
Car -1 -1 -10 678 179 748 247 1.5 1.8 4.2 1.949 1.441 16.126 1.571 0.967
Car -1 -1 -10 581 177 617 203 1.5 1.8 4.2 -0.541 1.276 34.809 1.571 0.931
Car -1 -1 -10 220 196 342 254 1.5 1.8 4.2 -7.470 1.829 18.367 1.571 0.926
Car -1 -1 -10 647 173 687 203 1.5 1.8 4.2 2.310 1.245 31.900 1.571 0.908
Car -1 -1 -10 24 214 250 298 1.5 1.8 4.2 -6.883 1.806 12.514 1.571 0.902
Car -1 -1 -10 624 173 640 189 1.5 1.8 4.2 1.645 1.228 56.980 1.571 0.806
Car -1 -1 -10 631 173 651 191 1.5 1.8 4.2 2.063 1.226 50.869 1.571 0.663
Car -1 -1 -10 586 170 612 196 1.5 1.8 4.2 -0.552 0.935 35.585 1.571 0.516
