Car -1 -1 -10 22 190 232 270 1.5 1.8 4.2 -9.900 1.980 16.810 1.571 0.999
Car -1 -1 -10 231 177 313 215 1.5 1.8 4.2 -13.192 1.639 30.166 1.571 0.976
Car -1 -1 -10 724 173 830 225 1.5 1.8 4.2 4.447 1.404 21.531 1.571 0.968
Car -1 -1 -10 574 184 750 348 1.5 1.8 4.2 0.395 1.526 8.390 1.571 0.937
Car -1 -1 -10 343 182 423 216 1.5 1.8 4.2 -9.102 1.721 30.890 1.571 0.917
Car -1 -1 -10 567 177 591 191 1.5 1.8 4.2 -2.401 1.389 57.329 1.571 0.878
Car -1 -1 -10 482 180 522 206 1.5 1.8 4.2 -5.064 1.495 35.652 1.571 0.850
Car -1 -1 -10 521 176 549 192 1.5 1.8 4.2 -6.063 1.541 60.169 1.571 0.671
Car -1 -1 -10 1171 193 1241 361 1.5 1.8 4.2 2.613 0.844 5.336 1.571 0.648
Car -1 -1 -10 403 178 455 210 1.5 1.8 4.2 -8.760 1.789 36.857 1.571 0.586
