Car -1 -1 -10 560 193 628 229 1.5 1.8 4.2 -0.560 1.797 25.197 1.571 0.991
Car -1 -1 -10 0 246 112 382 1.5 1.8 4.2 -4.883 1.821 8.384 1.571 0.987
Car -1 -1 -10 1015 157 1237 371 1.5 1.8 4.2 2.607 1.024 5.830 1.571 0.976
Car -1 -1 -10 678 204 894 314 1.5 1.8 4.2 1.992 1.643 10.500 1.571 0.961
Car -1 -1 -10 60 217 252 361 1.5 1.8 4.2 -5.413 2.219 10.612 1.571 0.961
Car -1 -1 -10 474 190 490 200 1.5 1.8 4.2 -10.312 2.181 60.080 1.571 0.932
Car -1 -1 -10 542 182 560 208 1.5 1.8 4.2 -3.772 1.783 47.807 1.571 0.841
Car -1 -1 -10 383 194 427 220 1.5 1.8 4.2 -10.094 2.312 37.485 1.571 0.838
Car -1 -1 -10 438 192 456 206 1.5 1.8 4.2 -11.603 2.353 53.325 1.571 0.753
Car -1 -1 -10 776 172 876 220 1.5 1.8 4.2 7.093 1.558 25.952 1.571 0.739
Car -1 -1 -10 1033 177 1177 237 1.5 1.8 4.2 9.628 1.254 16.213 1.571 0.733
Car -1 -1 -10 506 188 518 194 1.5 1.8 4.2 -8.028 1.726 61.014 1.571 0.702
Car -1 -1 -10 424 188 446 214 1.5 1.8 4.2 -9.951 2.047 42.975 1.571 0.545
Car -1 -1 -10 707 179 783 205 1.5 1.8 4.2 6.746 1.565 38.372 1.571 0.524
Car -1 -1 -10 551 188 571 202 1.5 1.8 4.2 -3.387 1.995 51.508 1.571 0.522
