Car -1 -1 -10 784 177 954 275 1.5 1.8 4.2 3.504 1.404 12.019 1.571 0.999
Car -1 -1 -10 873 190 1249 372 1.5 1.8 4.2 3.360 1.509 7.570 1.571 0.997
Car -1 -1 -10 590 168 654 218 1.5 1.8 4.2 0.277 1.231 21.782 1.571 0.994
Car -1 -1 -10 4 173 114 285 1.5 1.8 4.2 -7.158 1.445 11.400 1.571 0.980
Car -1 -1 -10 103 166 271 252 1.5 1.8 4.2 -7.542 1.401 14.872 1.571 0.969
Car -1 -1 -10 405 167 489 217 1.5 1.8 4.2 -4.029 1.077 19.706 1.571 0.967
Car -1 -1 -10 741 158 847 240 1.5 1.8 4.2 3.712 1.374 16.863 1.571 0.945
Car -1 -1 -10 469 167 529 213 1.5 1.8 4.2 -3.030 1.077 21.466 1.571 0.943
Car -1 -1 -10 216 171 442 287 1.5 1.8 4.2 -3.592 1.436 11.177 1.571 0.937
Car -1 -1 -10 567 162 589 184 1.5 1.8 4.2 -2.220 0.762 51.440 1.571 0.618
