Car -1 -1 -10 57 208 339 372 1.5 1.8 4.2 -4.002 1.906 9.007 1.571 0.994
Car -1 -1 -10 309 197 429 289 1.5 1.8 4.2 -3.822 1.815 13.379 1.571 0.988
Car -1 -1 -10 715 187 779 229 1.5 1.8 4.2 3.878 1.807 25.320 1.571 0.949
Car -1 -1 -10 536 185 588 211 1.5 1.8 4.2 -2.374 1.806 37.181 1.571 0.946
Car -1 -1 -10 741 179 851 255 1.5 1.8 4.2 3.625 1.624 16.370 1.571 0.909
Car -1 -1 -10 -1 208 73 378 1.5 1.8 4.2 -4.657 1.643 7.881 1.571 0.907
Car -1 -1 -10 597 181 621 197 1.5 1.8 4.2 -0.105 1.865 57.839 1.571 0.886
Car -1 -1 -10 694 183 739 213 1.5 1.8 4.2 4.197 1.754 33.638 1.571 0.839
Car -1 -1 -10 619 178 641 190 1.5 1.8 4.2 1.699 1.477 64.280 1.571 0.685
Car -1 -1 -10 689 185 722 207 1.5 1.8 4.2 4.491 1.758 39.248 1.571 0.662
Car -1 -1 -10 570 183 592 209 1.5 1.8 4.2 -1.721 1.808 44.003 1.571 0.612
