Car -1 -1 -10 847 180 1059 250 1.5 1.8 4.2 6.071 1.377 14.985 1.571 0.998
Car -1 -1 -10 333 195 399 259 1.5 1.8 4.2 -5.132 1.793 17.119 1.571 0.990
Car -1 -1 -10 368 189 460 239 1.5 1.8 4.2 -5.746 1.922 23.069 1.571 0.988
Car -1 -1 -10 650 185 710 223 1.5 1.8 4.2 2.287 1.672 26.164 1.571 0.971
Car -1 -1 -10 471 183 525 213 1.5 1.8 4.2 -5.765 2.052 38.983 1.571 0.963
Car -1 -1 -10 627 182 663 212 1.5 1.8 4.2 1.472 1.694 33.331 1.571 0.901
Car -1 -1 -10 2 215 178 369 1.5 1.8 4.2 -4.998 1.863 8.954 1.571 0.795
Car -1 -1 -10 518 181 546 199 1.5 1.8 4.2 -5.237 1.744 50.242 1.571 0.637
Car -1 -1 -10 423 186 481 224 1.5 1.8 4.2 -5.672 1.821 27.791 1.571 0.616
Car -1 -1 -10 532 182 558 198 1.5 1.8 4.2 -4.943 1.901 56.652 1.571 0.541
Car -1 -1 -10 11 172 349 322 1.5 1.8 4.2 -5.324 1.827 10.939 1.571 0.529
