Car -1 -1 -10 595 189 667 229 1.5 1.8 4.2 0.582 1.686 23.776 1.571 0.991
Car -1 -1 -10 7 218 263 374 1.5 1.8 4.2 -4.924 2.061 9.493 1.571 0.986
Car -1 -1 -10 745 198 999 338 1.5 1.8 4.2 2.476 1.597 9.077 1.571 0.947
Car -1 -1 -10 419 190 469 220 1.5 1.8 4.2 -8.048 2.274 36.903 1.571 0.938
Car -1 -1 -10 510 188 528 198 1.5 1.8 4.2 -7.688 2.117 62.860 1.571 0.898
Car -1 -1 -10 466 186 488 212 1.5 1.8 4.2 -7.972 2.157 45.157 1.571 0.881
Car -1 -1 -10 749 179 837 205 1.5 1.8 4.2 7.408 1.309 31.485 1.571 0.863
Car -1 -1 -10 827 171 945 215 1.5 1.8 4.2 8.369 1.285 24.105 1.571 0.752
Car -1 -1 -10 1185 169 1239 251 1.5 1.8 4.2 10.308 1.345 14.521 1.571 0.711
Car -1 -1 -10 540 186 554 192 1.5 1.8 4.2 -5.283 1.598 62.317 1.571 0.668
Car -1 -1 -10 585 186 605 202 1.5 1.8 4.2 -1.105 2.087 53.773 1.571 0.610
Car -1 -1 -10 518 187 536 197 1.5 1.8 4.2 -6.991 2.026 62.656 1.571 0.600
