Car -1 -1 -10 704 191 830 281 1.5 1.8 4.2 2.384 1.680 13.310 1.571 0.988
Car -1 -1 -10 522 184 572 220 1.5 1.8 4.2 -2.426 1.781 29.361 1.571 0.981
Car -1 -1 -10 653 184 711 230 1.5 1.8 4.2 2.383 1.929 26.453 1.571 0.965
Car -1 -1 -10 570 180 588 206 1.5 1.8 4.2 -1.860 1.714 44.538 1.571 0.939
Car -1 -1 -10 -19 218 401 372 1.5 1.8 4.2 -2.045 0.943 5.519 1.571 0.823
Car -1 -1 -10 637 179 657 205 1.5 1.8 4.2 2.160 1.729 44.917 1.571 0.808
Car -1 -1 -10 643 182 669 208 1.5 1.8 4.2 2.508 1.889 42.029 1.571 0.752
Car -1 -1 -10 590 185 600 195 1.5 1.8 4.2 -1.275 1.845 62.215 1.571 0.689
Car -1 -1 -10 624 183 636 195 1.5 1.8 4.2 1.318 1.495 50.803 1.571 0.631
Car -1 -1 -10 606 184 614 192 1.5 1.8 4.2 -0.025 1.619 63.138 1.571 0.530
