Car -1 -1 -10 -1 185 177 307 1.5 1.8 4.2 -7.373 1.715 12.220 1.571 0.998
Car -1 -1 -10 248 193 440 307 1.5 1.8 4.2 -3.253 1.476 10.813 1.571 0.980
Car -1 -1 -10 696 192 802 262 1.5 1.8 4.2 2.599 1.442 15.595 1.571 0.970
Car -1 -1 -10 433 181 505 239 1.5 1.8 4.2 -3.618 1.384 20.590 1.571 0.969
Car -1 -1 -10 652 186 698 218 1.5 1.8 4.2 2.405 1.193 28.261 1.571 0.944
Car -1 -1 -10 617 181 645 201 1.5 1.8 4.2 1.629 1.122 53.185 1.571 0.821
Car -1 -1 -10 495 185 531 219 1.5 1.8 4.2 -3.342 1.176 27.126 1.571 0.796
Car -1 -1 -10 538 179 554 205 1.5 1.8 4.2 -3.972 0.945 48.019 1.571 0.794
Car -1 -1 -10 388 184 436 218 1.5 1.8 4.2 -7.344 1.223 28.913 1.571 0.773
Car -1 -1 -10 581 178 609 204 1.5 1.8 4.2 -0.832 1.058 47.408 1.571 0.587
Car -1 -1 -10 505 187 540 209 1.5 1.8 4.2 -3.351 1.040 33.528 1.571 0.507
