Car -1 -1 -10 584 184 642 226 1.5 1.8 4.2 0.044 1.633 24.281 1.571 0.990
Car -1 -1 -10 84 180 316 332 1.5 1.8 4.2 -4.037 1.544 9.102 1.571 0.990
Car -1 -1 -10 0 189 58 291 1.5 1.8 4.2 -7.482 1.510 11.322 1.571 0.932
Car -1 -1 -10 221 130 465 276 1.5 1.8 4.2 -3.393 1.289 11.116 1.571 0.930
Car -1 -1 -10 1064 183 1100 201 1.5 1.8 4.2 35.283 2.105 56.081 1.571 0.779
Car -1 -1 -10 59 205 115 257 1.5 1.8 4.2 -6.706 1.070 11.274 1.571 0.741
Car -1 -1 -10 519 176 561 204 1.5 1.8 4.2 -3.037 1.555 38.140 1.571 0.688
Car -1 -1 -10 454 169 534 225 1.5 1.8 4.2 -3.189 1.411 21.624 1.571 0.678
Car -1 -1 -10 1149 177 1189 203 1.5 1.8 4.2 33.501 1.448 45.389 1.571 0.551
Car -1 -1 -10 571 178 587 190 1.5 1.8 4.2 -2.595 1.421 61.914 1.571 0.543
Car -1 -1 -10 1189 176 1237 204 1.5 1.8 4.2 35.442 1.832 44.552 1.571 0.522
