Car -1 -1 -10 -3 204 167 290 1.5 1.8 4.2 -9.594 2.116 15.136 1.571 0.999
Car -1 -1 -10 726 178 856 242 1.5 1.8 4.2 4.228 1.635 19.160 1.571 0.963
Car -1 -1 -10 462 186 510 216 1.5 1.8 4.2 -5.469 1.888 33.673 1.571 0.960
Car -1 -1 -10 595 184 685 262 1.5 1.8 4.2 0.516 1.694 15.814 1.571 0.960
Car -1 -1 -10 318 190 410 228 1.5 1.8 4.2 -9.415 2.100 29.582 1.571 0.931
Car -1 -1 -10 196 190 274 228 1.5 1.8 4.2 -13.924 2.041 28.804 1.571 0.811
Car -1 -1 -10 685 182 739 216 1.5 1.8 4.2 3.798 1.626 29.290 1.571 0.765
Car -1 -1 -10 586 184 606 200 1.5 1.8 4.2 -1.136 2.150 59.263 1.571 0.741
Car -1 -1 -10 516 183 544 201 1.5 1.8 4.2 -6.003 2.101 55.976 1.571 0.713
Car -1 -1 -10 552 184 572 200 1.5 1.8 4.2 -3.231 1.809 50.182 1.571 0.620
Car -1 -1 -10 389 184 443 216 1.5 1.8 4.2 -8.974 1.986 35.319 1.571 0.598
