Car -1 -1 -10 474 176 532 202 1.5 1.8 4.2 -5.405 1.411 38.276 1.571 0.979
Car -1 -1 -10 261 172 377 208 1.5 1.8 4.2 -5.568 0.666 15.772 1.571 0.871
Car -1 -1 -10 761 178 785 188 1.5 1.8 4.2 13.543 1.261 62.164 1.571 0.812
Car -1 -1 -10 3 170 53 196 1.5 1.8 4.2 -36.904 1.466 47.809 1.571 0.792
Car -1 -1 -10 785 175 805 187 1.5 1.8 4.2 16.249 1.244 65.567 1.571 0.640
Car -1 -1 -10 718 179 744 189 1.5 1.8 4.2 9.856 1.318 61.028 1.571 0.616
Car -1 -1 -10 599 172 663 198 1.5 1.8 4.2 1.211 1.315 44.950 1.571 0.572
Car -1 -1 -10 155 170 225 196 1.5 1.8 4.2 -21.258 1.068 38.551 1.571 0.557
Car -1 -1 -10 817 175 839 189 1.5 1.8 4.2 14.171 1.052 49.112 1.571 0.555
Car -1 -1 -10 62 168 112 182 1.5 1.8 4.2 -35.582 0.621 51.145 1.571 0.553
Car -1 -1 -10 22 167 56 193 1.5 1.8 4.2 -34.710 1.041 45.916 1.571 0.519
