Car -1 -1 -10 -7 196 217 352 1.5 1.8 4.2 -4.104 1.435 7.880 1.571 0.999
Car -1 -1 -10 960 198 1244 322 1.5 1.8 4.2 5.791 1.773 10.677 1.571 0.997
Car -1 -1 -10 886 185 1048 285 1.5 1.8 4.2 5.038 1.600 12.394 1.571 0.989
Car -1 -1 -10 727 184 873 240 1.5 1.8 4.2 5.205 1.857 22.058 1.571 0.975
Car -1 -1 -10 204 188 374 288 1.5 1.8 4.2 -4.771 1.691 12.700 1.571 0.973
Car -1 -1 -10 98 188 272 306 1.5 1.8 4.2 -5.676 1.760 11.641 1.571 0.967
Car -1 -1 -10 264 181 424 247 1.5 1.8 4.2 -5.581 1.541 17.096 1.571 0.908
Car -1 -1 -10 434 178 504 216 1.5 1.8 4.2 -5.387 1.634 29.436 1.571 0.889
Car -1 -1 -10 400 183 458 231 1.5 1.8 4.2 -4.926 1.566 21.536 1.571 0.875
Car -1 -1 -10 635 186 677 212 1.5 1.8 4.2 1.950 1.696 33.358 1.571 0.874
