Car -1 -1 -10 298 182 510 314 1.5 1.8 4.2 -2.268 1.514 9.842 1.571 0.998
Car -1 -1 -10 541 177 595 217 1.5 1.8 4.2 -1.583 1.615 28.501 1.571 0.964
Car -1 -1 -10 704 182 790 248 1.5 1.8 4.2 2.847 1.590 17.372 1.571 0.956
Car -1 -1 -10 960 247 1230 361 1.5 1.8 4.2 4.438 1.744 8.789 1.571 0.952
Car -1 -1 -10 566 180 607 206 1.5 1.8 4.2 -0.587 1.386 32.271 1.571 0.946
Car -1 -1 -10 -3 160 233 372 1.5 1.8 4.2 -2.448 0.960 5.581 1.571 0.920
Car -1 -1 -10 609 175 625 189 1.5 1.8 4.2 0.506 1.234 57.242 1.571 0.872
Car -1 -1 -10 667 173 689 193 1.5 1.8 4.2 4.711 1.405 52.418 1.571 0.782
Car -1 -1 -10 697 184 772 234 1.5 1.8 4.2 2.529 1.561 20.529 1.571 0.775
Car -1 -1 -10 622 174 636 188 1.5 1.8 4.2 1.460 1.185 58.583 1.571 0.685
