Car -1 -1 -10 871 146 1057 214 1.5 1.8 4.2 8.384 0.980 19.294 1.571 0.989
Car -1 -1 -10 387 191 451 243 1.5 1.8 4.2 -5.397 1.963 22.300 1.571 0.989
Car -1 -1 -10 -2 222 140 370 1.5 1.8 4.2 -5.145 1.854 8.885 1.571 0.983
Car -1 -1 -10 442 190 498 226 1.5 1.8 4.2 -5.198 1.956 28.655 1.571 0.979
Car -1 -1 -10 120 210 318 316 1.5 1.8 4.2 -5.428 1.966 12.013 1.571 0.977
Car -1 -1 -10 300 200 400 270 1.5 1.8 4.2 -5.444 2.014 17.061 1.571 0.953
Car -1 -1 -10 658 176 732 218 1.5 1.8 4.2 2.482 1.344 23.586 1.571 0.888
Car -1 -1 -10 784 159 866 201 1.5 1.8 4.2 7.344 0.967 26.904 1.571 0.813
Car -1 -1 -10 820 158 896 202 1.5 1.8 4.2 7.357 0.870 23.648 1.571 0.792
Car -1 -1 -10 513 182 547 208 1.5 1.8 4.2 -4.617 1.783 43.406 1.571 0.716
Car -1 -1 -10 597 175 621 189 1.5 1.8 4.2 -0.107 1.291 59.822 1.571 0.711
Car -1 -1 -10 1189 126 1241 178 1.5 1.8 4.2 22.724 0.193 29.256 1.571 0.658
Car -1 -1 -10 648 177 691 205 1.5 1.8 4.2 2.844 1.852 43.672 1.571 0.654
