Car -1 -1 -10 2 227 190 373 1.5 1.8 4.2 -3.976 1.525 7.600 1.571 0.997
Car -1 -1 -10 680 184 798 266 1.5 1.8 4.2 2.289 1.692 15.209 1.571 0.993
Car -1 -1 -10 406 194 480 250 1.5 1.8 4.2 -4.278 1.952 20.361 1.571 0.949
Car -1 -1 -10 623 181 657 205 1.5 1.8 4.2 1.577 1.731 40.953 1.571 0.936
Car -1 -1 -10 501 186 527 212 1.5 1.8 4.2 -5.596 2.209 43.884 1.571 0.919
Car -1 -1 -10 533 183 557 201 1.5 1.8 4.2 -5.237 2.256 59.939 1.571 0.909
Car -1 -1 -10 648 182 698 230 1.5 1.8 4.2 1.946 1.809 24.940 1.571 0.863
Car -1 -1 -10 462 182 508 228 1.5 1.8 4.2 -4.608 2.012 28.433 1.571 0.862
Car -1 -1 -10 604 180 620 190 1.5 1.8 4.2 0.114 1.240 54.302 1.571 0.728
Car -1 -1 -10 524 184 542 204 1.5 1.8 4.2 -5.963 2.400 57.712 1.571 0.673
