Car -1 -1 -10 768 176 920 278 1.5 1.8 4.2 3.505 1.600 13.079 1.571 0.999
Car -1 -1 -10 885 182 1239 378 1.5 1.8 4.2 3.092 1.430 7.130 1.571 0.999
Car -1 -1 -10 355 183 475 283 1.5 1.8 4.2 -2.972 1.647 12.890 1.571 0.999
Car -1 -1 -10 728 176 800 236 1.5 1.8 4.2 3.849 1.599 20.372 1.571 0.991
Car -1 -1 -10 650 170 708 200 1.5 1.8 4.2 3.173 1.265 35.721 1.571 0.989
Car -1 -1 -10 460 170 530 242 1.5 1.8 4.2 -3.088 1.826 21.155 1.571 0.952
Car -1 -1 -10 530 175 596 217 1.5 1.8 4.2 -1.612 1.469 26.119 1.571 0.942
Car -1 -1 -10 3 188 379 372 1.5 1.8 4.2 -3.295 1.538 7.673 1.571 0.941
Car -1 -1 -10 709 165 739 189 1.5 1.8 4.2 8.129 1.155 53.746 1.571 0.895
Car -1 -1 -10 808 165 850 181 1.5 1.8 4.2 15.942 0.594 54.722 1.571 0.843
Car -1 -1 -10 777 166 805 182 1.5 1.8 4.2 14.572 0.737 60.295 1.571 0.732
Car -1 -1 -10 881 155 939 189 1.5 1.8 4.2 15.105 0.815 38.524 1.571 0.579
