Car -1 -1 -10 149 193 413 337 1.5 1.8 4.2 -3.787 1.861 10.281 1.571 0.994
Car -1 -1 -10 -1 231 151 371 1.5 1.8 4.2 -3.756 1.369 7.086 1.571 0.989
Car -1 -1 -10 393 191 485 263 1.5 1.8 4.2 -3.477 1.805 16.548 1.571 0.987
Car -1 -1 -10 465 186 521 236 1.5 1.8 4.2 -3.304 1.756 22.168 1.571 0.987
Car -1 -1 -10 746 174 830 226 1.5 1.8 4.2 4.814 1.452 21.815 1.571 0.981
Car -1 -1 -10 513 186 551 224 1.5 1.8 4.2 -2.860 1.845 28.128 1.571 0.925
Car -1 -1 -10 1134 118 1240 234 1.5 1.8 4.2 9.261 0.987 13.750 1.571 0.919
Car -1 -1 -10 571 173 611 189 1.5 1.8 4.2 -1.618 1.353 62.575 1.571 0.893
Car -1 -1 -10 653 184 693 216 1.5 1.8 4.2 2.455 1.712 30.729 1.571 0.882
Car -1 -1 -10 532 183 564 217 1.5 1.8 4.2 -2.497 1.746 30.641 1.571 0.806
Car -1 -1 -10 533 184 571 208 1.5 1.8 4.2 -2.526 1.821 39.484 1.571 0.616
Car -1 -1 -10 715 178 741 204 1.5 1.8 4.2 5.728 1.522 37.375 1.571 0.587
