Car -1 -1 -10 1168 183 1228 207 1.5 1.8 4.2 38.019 2.209 48.794 1.571 0.934
Car -1 -1 -10 1131 181 1171 207 1.5 1.8 4.2 32.616 2.000 45.648 1.571 0.909
Car -1 -1 -10 576 184 610 216 1.5 1.8 4.2 -0.899 2.180 38.567 1.571 0.896
Car -1 -1 -10 974 180 1014 206 1.5 1.8 4.2 19.686 1.497 39.164 1.571 0.874
Car -1 -1 -10 1223 186 1241 202 1.5 1.8 4.2 42.174 1.977 51.060 1.571 0.815
Car -1 -1 -10 799 179 825 193 1.5 1.8 4.2 16.110 1.609 59.742 1.571 0.805
Car -1 -1 -10 741 179 775 191 1.5 1.8 4.2 12.248 1.505 61.938 1.571 0.769
Car -1 -1 -10 1011 180 1059 206 1.5 1.8 4.2 21.240 1.409 38.228 1.571 0.747
Car -1 -1 -10 686 178 708 190 1.5 1.8 4.2 7.253 1.434 62.465 1.571 0.728
Car -1 -1 -10 729 180 757 190 1.5 1.8 4.2 10.993 1.420 61.876 1.571 0.650
Car -1 -1 -10 1092 181 1134 207 1.5 1.8 4.2 25.866 1.655 39.261 1.571 0.640
Car -1 -1 -10 310 188 338 206 1.5 1.8 4.2 -22.059 2.553 57.680 1.571 0.574
Car -1 -1 -10 765 180 789 192 1.5 1.8 4.2 13.414 1.541 60.170 1.571 0.531
Car -1 -1 -10 51 202 121 228 1.5 1.8 4.2 -24.579 2.442 35.888 1.571 0.515
