Car -1 -1 -10 318 190 458 266 1.5 1.8 4.2 -4.298 1.780 15.894 1.571 0.998
Car -1 -1 -10 789 193 985 299 1.5 1.8 4.2 3.277 1.518 10.784 1.571 0.995
Car -1 -1 -10 741 187 835 243 1.5 1.8 4.2 3.444 1.378 16.278 1.571 0.986
Car -1 -1 -10 436 186 492 234 1.5 1.8 4.2 -4.008 1.657 21.660 1.571 0.977
Car -1 -1 -10 910 204 1242 378 1.5 1.8 4.2 3.182 1.427 7.119 1.571 0.974
Car -1 -1 -10 709 180 771 232 1.5 1.8 4.2 3.275 1.513 20.559 1.571 0.928
Car -1 -1 -10 528 179 572 205 1.5 1.8 4.2 -3.141 1.610 39.397 1.571 0.888
Car -1 -1 -10 690 182 726 218 1.5 1.8 4.2 3.298 1.540 26.725 1.571 0.871
Car -1 -1 -10 475 186 523 226 1.5 1.8 4.2 -3.809 1.801 26.552 1.571 0.846
Car -1 -1 -10 631 180 655 188 1.5 1.8 4.2 2.580 1.196 59.105 1.571 0.534
