Car -1 -1 -10 1064 188 1242 364 1.5 1.8 4.2 4.337 1.547 7.940 1.571 0.999
Car -1 -1 -10 857 185 1005 283 1.5 1.8 4.2 4.650 1.615 12.678 1.571 0.998
Car -1 -1 -10 946 191 1104 321 1.5 1.8 4.2 4.496 1.625 10.016 1.571 0.994
Car -1 -1 -10 6 198 234 338 1.5 1.8 4.2 -5.202 1.734 9.676 1.571 0.991
Car -1 -1 -10 744 178 834 234 1.5 1.8 4.2 4.454 1.539 20.260 1.571 0.965
Car -1 -1 -10 769 179 899 251 1.5 1.8 4.2 4.965 1.750 18.262 1.571 0.941
Car -1 -1 -10 631 177 679 211 1.5 1.8 4.2 1.829 1.587 32.124 1.571 0.922
Car -1 -1 -10 397 181 497 215 1.5 1.8 4.2 -6.041 1.550 28.640 1.571 0.912
Car -1 -1 -10 104 191 260 273 1.5 1.8 4.2 -5.122 1.185 10.638 1.571 0.862
Car -1 -1 -10 0 195 40 359 1.5 1.8 4.2 -6.028 1.883 9.401 1.571 0.745
Car -1 -1 -10 230 165 392 253 1.5 1.8 4.2 -5.901 1.567 16.211 1.571 0.742
Car -1 -1 -10 186 188 314 276 1.5 1.8 4.2 -4.978 1.410 11.964 1.571 0.697
