Car -1 -1 -10 4 216 208 344 1.5 1.8 4.2 -6.015 2.023 10.629 1.571 0.999
Car -1 -1 -10 908 158 1216 360 1.5 1.8 4.2 3.416 1.438 7.647 1.571 0.997
Car -1 -1 -10 735 177 907 257 1.5 1.8 4.2 3.465 1.403 14.136 1.571 0.992
Car -1 -1 -10 344 177 414 213 1.5 1.8 4.2 -10.122 1.751 33.582 1.571 0.960
Car -1 -1 -10 588 175 648 221 1.5 1.8 4.2 0.197 1.478 24.254 1.571 0.955
Car -1 -1 -10 434 179 464 205 1.5 1.8 4.2 -9.826 1.894 45.979 1.571 0.886
Car -1 -1 -10 719 173 801 223 1.5 1.8 4.2 3.309 1.123 18.269 1.571 0.826
Car -1 -1 -10 404 177 434 209 1.5 1.8 4.2 -10.188 1.920 40.441 1.571 0.803
Car -1 -1 -10 663 162 731 208 1.5 1.8 4.2 2.939 1.206 26.865 1.571 0.548
Car -1 -1 -10 484 176 508 194 1.5 1.8 4.2 -8.986 1.661 58.802 1.571 0.527
Car -1 -1 -10 505 176 529 194 1.5 1.8 4.2 -7.422 1.681 59.475 1.571 0.509
