Car -1 -1 -10 796 207 1210 375 1.5 1.8 4.2 2.510 1.321 6.817 1.571 0.999
Car -1 -1 -10 279 176 401 246 1.5 1.8 4.2 -4.944 1.324 15.166 1.571 0.982
Car -1 -1 -10 3 164 247 350 1.5 1.8 4.2 -4.716 1.701 9.029 1.571 0.980
Car -1 -1 -10 669 180 727 220 1.5 1.8 4.2 2.518 1.375 23.147 1.571 0.977
Car -1 -1 -10 730 182 874 288 1.5 1.8 4.2 2.528 1.550 11.813 1.571 0.960
Car -1 -1 -10 -1 172 59 382 1.5 1.8 4.2 -5.299 1.886 8.609 1.571 0.920
Car -1 -1 -10 386 177 478 223 1.5 1.8 4.2 -5.168 1.442 22.849 1.571 0.912
Car -1 -1 -10 642 175 682 205 1.5 1.8 4.2 2.157 1.360 32.635 1.571 0.904
Car -1 -1 -10 90 156 344 272 1.5 1.8 4.2 -4.993 1.245 11.163 1.571 0.891
Car -1 -1 -10 418 170 514 214 1.5 1.8 4.2 -4.991 1.412 26.872 1.571 0.759
