Car -1 -1 -10 685 183 759 239 1.5 1.8 4.2 2.666 1.604 19.605 1.571 0.971
Car -1 -1 -10 740 178 850 222 1.5 1.8 4.2 5.673 1.520 24.413 1.571 0.971
Car -1 -1 -10 281 188 407 256 1.5 1.8 4.2 -5.221 1.615 16.117 1.571 0.958
Car -1 -1 -10 247 192 317 264 1.5 1.8 4.2 -5.247 1.442 13.521 1.571 0.916
Car -1 -1 -10 2 183 218 345 1.5 1.8 4.2 -5.393 1.837 9.800 1.571 0.910
Car -1 -1 -10 337 176 469 236 1.5 1.8 4.2 -4.841 1.461 18.793 1.571 0.886
Car -1 -1 -10 629 174 659 196 1.5 1.8 4.2 2.503 1.724 55.842 1.571 0.620
Car -1 -1 -10 406 176 490 222 1.5 1.8 4.2 -4.991 1.499 24.111 1.571 0.586
Car -1 -1 -10 688 169 730 195 1.5 1.8 4.2 6.314 1.035 48.368 1.571 0.578
Car -1 -1 -10 786 172 1234 382 1.5 1.8 4.2 2.283 1.225 6.326 1.571 0.506
