Car -1 -1 -10 382 196 498 268 1.5 1.8 4.2 -3.237 1.781 15.610 1.571 0.998
Car -1 -1 -10 48 197 286 339 1.5 1.8 4.2 -5.379 1.996 10.769 1.571 0.996
Car -1 -1 -10 278 194 380 278 1.5 1.8 4.2 -5.267 1.950 15.485 1.571 0.993
Car -1 -1 -10 420 168 533 242 1.5 1.8 4.2 -3.051 1.939 22.340 1.571 0.923
Car -1 -1 -10 1118 145 1242 259 1.5 1.8 4.2 11.121 1.689 16.246 1.571 0.915
Car -1 -1 -10 615 179 641 205 1.5 1.8 4.2 0.966 1.736 42.322 1.571 0.823
Car -1 -1 -10 374 184 452 230 1.5 1.8 4.2 -6.055 1.742 24.099 1.571 0.724
Car -1 -1 -10 629 177 697 205 1.5 1.8 4.2 2.305 1.424 34.065 1.571 0.723
Car -1 -1 -10 553 177 577 193 1.5 1.8 4.2 -3.761 1.672 61.988 1.571 0.701
Car -1 -1 -10 568 176 588 190 1.5 1.8 4.2 -2.721 1.444 62.880 1.571 0.574
Car -1 -1 -10 498 192 545 222 1.5 1.8 4.2 -2.768 1.808 28.645 1.571 0.503
