Car -1 -1 -10 725 189 859 273 1.5 1.8 4.2 2.697 1.514 13.012 1.571 0.995
Car -1 -1 -10 124 182 358 300 1.5 1.8 4.2 -4.663 1.587 11.108 1.571 0.987
Car -1 -1 -10 230 187 392 261 1.5 1.8 4.2 -4.911 1.431 13.819 1.571 0.980
Car -1 -1 -10 1 171 163 343 1.5 1.8 4.2 -5.132 1.635 9.033 1.571 0.976
Car -1 -1 -10 334 176 460 236 1.5 1.8 4.2 -5.153 1.512 19.380 1.571 0.957
Car -1 -1 -10 655 175 705 211 1.5 1.8 4.2 2.591 1.436 29.275 1.571 0.957
Car -1 -1 -10 522 178 572 214 1.5 1.8 4.2 -2.283 1.460 27.714 1.571 0.943
Car -1 -1 -10 870 237 1234 365 1.5 1.8 4.2 2.141 0.957 5.694 1.571 0.908
Car -1 -1 -10 445 175 525 207 1.5 1.8 4.2 -5.524 1.497 33.737 1.571 0.899
Car -1 -1 -10 -1 220 75 372 1.5 1.8 4.2 -4.153 1.422 7.255 1.571 0.792
Car -1 -1 -10 629 171 653 189 1.5 1.8 4.2 2.404 1.266 58.691 1.571 0.720
