Car -1 -1 -10 909 176 1133 330 1.5 1.8 4.2 3.697 1.435 8.692 1.571 0.997
Car -1 -1 -10 733 179 909 257 1.5 1.8 4.2 3.730 1.509 15.040 1.571 0.995
Car -1 -1 -10 242 181 376 235 1.5 1.8 4.2 -9.074 1.863 23.734 1.571 0.986
Car -1 -1 -10 4 194 118 354 1.5 1.8 4.2 -5.972 1.951 9.874 1.571 0.983
Car -1 -1 -10 593 179 665 235 1.5 1.8 4.2 0.405 1.494 19.453 1.571 0.973
Car -1 -1 -10 56 184 170 262 1.5 1.8 4.2 -9.620 1.716 15.988 1.571 0.953
Car -1 -1 -10 464 179 488 205 1.5 1.8 4.2 -7.156 1.707 40.422 1.571 0.916
Car -1 -1 -10 398 185 466 231 1.5 1.8 4.2 -5.175 1.674 22.875 1.571 0.844
Car -1 -1 -10 163 185 235 215 1.5 1.8 4.2 -12.427 1.269 23.830 1.571 0.705
Car -1 -1 -10 551 176 587 202 1.5 1.8 4.2 -2.557 1.608 46.484 1.571 0.638
Car -1 -1 -10 367 190 439 234 1.5 1.8 4.2 -3.462 1.006 13.976 1.571 0.527
