Car -1 -1 -10 381 186 491 260 1.5 1.8 4.2 -3.362 1.441 15.954 1.571 0.997
Car -1 -1 -10 -1 196 183 288 1.5 1.8 4.2 -7.703 1.521 12.739 1.571 0.986
Car -1 -1 -10 574 179 620 217 1.5 1.8 4.2 -0.443 1.183 28.860 1.571 0.976
Car -1 -1 -10 100 189 212 227 1.5 1.8 4.2 -11.102 1.022 19.688 1.571 0.955
Car -1 -1 -10 -7 243 207 373 1.5 1.8 4.2 -2.533 0.915 5.601 1.571 0.955
Car -1 -1 -10 338 184 398 230 1.5 1.8 4.2 -7.098 1.317 23.241 1.571 0.944
Car -1 -1 -10 489 183 545 221 1.5 1.8 4.2 -3.238 1.260 27.404 1.571 0.939
Car -1 -1 -10 207 179 345 251 1.5 1.8 4.2 -7.117 1.401 17.410 1.571 0.935
Car -1 -1 -10 452 180 484 206 1.5 1.8 4.2 -7.632 0.967 41.188 1.571 0.562
Car -1 -1 -10 468 182 496 208 1.5 1.8 4.2 -6.657 1.148 39.961 1.571 0.545
