Car -1 -1 -10 715 185 863 291 1.5 1.8 4.2 2.373 1.603 11.892 1.571 0.999
Car -1 -1 -10 601 186 719 262 1.5 1.8 4.2 0.901 1.701 15.872 1.571 0.989
Car -1 -1 -10 223 189 333 261 1.5 1.8 4.2 -7.264 1.914 17.772 1.571 0.956
Car -1 -1 -10 427 173 469 215 1.5 1.8 4.2 -7.641 1.977 35.948 1.571 0.887
Car -1 -1 -10 490 181 536 211 1.5 1.8 4.2 -5.337 1.820 36.523 1.571 0.867
Car -1 -1 -10 293 183 351 237 1.5 1.8 4.2 -7.701 1.704 21.268 1.571 0.859
Car -1 -1 -10 474 179 510 203 1.5 1.8 4.2 -7.917 1.856 46.533 1.571 0.700
Car -1 -1 -10 514 183 550 221 1.5 1.8 4.2 -2.763 1.676 27.228 1.571 0.550
Car -1 -1 -10 379 178 395 190 1.5 1.8 4.2 -17.450 1.339 58.472 1.571 0.544
Car -1 -1 -10 392 177 404 189 1.5 1.8 4.2 -17.456 1.327 61.423 1.571 0.517
