Car -1 -1 -10 823 178 1103 294 1.5 1.8 4.2 4.360 1.515 11.128 1.571 0.999
Car -1 -1 -10 986 188 1244 368 1.5 1.8 4.2 4.457 1.745 8.552 1.571 0.993
Car -1 -1 -10 630 183 692 227 1.5 1.8 4.2 1.508 1.653 24.126 1.571 0.988
Car -1 -1 -10 611 176 643 200 1.5 1.8 4.2 0.788 1.323 37.272 1.571 0.853
Car -1 -1 -10 503 176 527 194 1.5 1.8 4.2 -6.924 1.534 54.458 1.571 0.807
Car -1 -1 -10 253 182 425 228 1.5 1.8 4.2 -6.845 1.382 20.189 1.571 0.793
Car -1 -1 -10 -3 165 191 343 1.5 1.8 4.2 -5.454 1.779 9.646 1.571 0.726
Car -1 -1 -10 462 182 496 208 1.5 1.8 4.2 -5.438 1.447 31.812 1.571 0.647
Car -1 -1 -10 539 175 555 187 1.5 1.8 4.2 -5.422 1.212 63.913 1.571 0.589
Car -1 -1 -10 575 172 587 180 1.5 1.8 4.2 -2.650 0.647 67.485 1.571 0.569
Car -1 -1 -10 555 174 567 182 1.5 1.8 4.2 -4.396 0.816 66.497 1.571 0.517
