Car -1 -1 -10 278 194 494 318 1.5 1.8 4.2 -2.857 1.814 11.120 1.571 0.997
Car -1 -1 -10 515 185 601 239 1.5 1.8 4.2 -1.531 1.884 22.652 1.571 0.991
Car -1 -1 -10 805 188 903 266 1.5 1.8 4.2 4.609 1.780 15.888 1.571 0.991
Car -1 -1 -10 1039 211 1227 377 1.5 1.8 4.2 3.446 1.368 6.935 1.571 0.904
Car -1 -1 -10 770 182 824 238 1.5 1.8 4.2 4.341 1.530 19.050 1.571 0.896
Car -1 -1 -10 371 182 403 208 1.5 1.8 4.2 -9.879 1.241 33.926 1.571 0.891
Car -1 -1 -10 627 182 665 208 1.5 1.8 4.2 1.823 1.714 39.428 1.571 0.866
Car -1 -1 -10 435 187 457 199 1.5 1.8 4.2 -12.291 1.955 56.047 1.571 0.846
Car -1 -1 -10 712 181 744 199 1.5 1.8 4.2 7.853 1.747 50.317 1.571 0.840
Car -1 -1 -10 751 180 791 220 1.5 1.8 4.2 5.497 1.623 26.946 1.571 0.761
Car -1 -1 -10 576 187 610 223 1.5 1.8 4.2 -0.640 1.750 27.291 1.571 0.668
Car -1 -1 -10 472 181 488 207 1.5 1.8 4.2 -7.910 1.644 45.809 1.571 0.660
Car -1 -1 -10 578 183 625 213 1.5 1.8 4.2 0.049 1.821 34.841 1.571 0.653
Car -1 -1 -10 520 184 546 198 1.5 1.8 4.2 -5.756 1.870 55.764 1.571 0.534
Car -1 -1 -10 729 177 749 203 1.5 1.8 4.2 8.351 1.699 48.999 1.571 0.518
Car -1 -1 -10 844 172 878 190 1.5 1.8 4.2 19.487 1.333 58.199 1.571 0.516
