Car -1 -1 -10 962 164 1238 260 1.5 1.8 4.2 7.634 1.367 13.422 1.571 0.998
Car -1 -1 -10 142 202 336 294 1.5 1.8 4.2 -5.900 1.908 13.468 1.571 0.995
Car -1 -1 -10 680 181 764 237 1.5 1.8 4.2 2.572 1.502 19.003 1.571 0.977
Car -1 -1 -10 888 147 1102 235 1.5 1.8 4.2 7.507 1.220 16.269 1.571 0.942
Car -1 -1 -10 818 159 960 225 1.5 1.8 4.2 7.639 1.437 21.985 1.571 0.931
Car -1 -1 -10 -1 244 109 376 1.5 1.8 4.2 -7.971 2.892 12.371 1.571 0.907
Car -1 -1 -10 461 185 509 217 1.5 1.8 4.2 -5.568 1.951 33.995 1.571 0.832
Car -1 -1 -10 522 178 540 204 1.5 1.8 4.2 -4.905 1.612 46.583 1.571 0.831
Car -1 -1 -10 340 203 422 249 1.5 1.8 4.2 -5.842 1.925 20.347 1.571 0.774
Car -1 -1 -10 490 185 520 205 1.5 1.8 4.2 -4.939 1.607 38.169 1.571 0.727
Car -1 -1 -10 376 187 454 239 1.5 1.8 4.2 -5.440 1.828 22.043 1.571 0.529
