Car -1 -1 -10 255 190 317 224 1.5 1.8 4.2 -11.834 1.861 28.352 1.571 0.987
Car -1 -1 -10 362 194 494 260 1.5 1.8 4.2 -3.753 1.771 16.767 1.571 0.985
Car -1 -1 -10 851 169 969 231 1.5 1.8 4.2 6.657 1.300 18.236 1.571 0.976
Car -1 -1 -10 495 170 783 308 1.5 1.8 4.2 0.297 1.648 10.898 1.571 0.960
Car -1 -1 -10 775 173 847 219 1.5 1.8 4.2 5.036 1.168 20.361 1.571 0.959
Car -1 -1 -10 213 185 239 201 1.5 1.8 4.2 -27.476 2.011 53.669 1.571 0.916
Car -1 -1 -10 34 191 100 219 1.5 1.8 4.2 -27.499 2.333 38.588 1.571 0.909
Car -1 -1 -10 442 175 528 213 1.5 1.8 4.2 -5.152 1.640 31.586 1.571 0.899
Car -1 -1 -10 116 188 136 200 1.5 1.8 4.2 -39.749 2.228 61.319 1.571 0.819
Car -1 -1 -10 148 186 168 194 1.5 1.8 4.2 -37.403 1.748 61.766 1.571 0.809
Car -1 -1 -10 938 162 1124 228 1.5 1.8 4.2 10.125 1.333 19.541 1.571 0.779
Car -1 -1 -10 123 189 147 199 1.5 1.8 4.2 -40.555 2.231 63.667 1.571 0.760
Car -1 -1 -10 239 187 273 213 1.5 1.8 4.2 -14.730 1.582 32.033 1.571 0.726
Car -1 -1 -10 75 186 103 212 1.5 1.8 4.2 -29.311 1.974 42.641 1.571 0.712
