Car -1 -1 -10 362 198 496 296 1.5 1.8 4.2 -2.609 1.737 12.279 1.571 0.997
Car -1 -1 -10 905 218 1227 370 1.5 1.8 4.2 2.224 0.987 5.714 1.571 0.984
Car -1 -1 -10 714 195 980 347 1.5 1.8 4.2 2.076 1.568 8.598 1.571 0.980
Car -1 -1 -10 519 177 561 211 1.5 1.8 4.2 -2.882 1.546 31.351 1.571 0.957
Car -1 -1 -10 572 178 584 186 1.5 1.8 4.2 -2.845 1.159 65.722 1.571 0.789
Car -1 -1 -10 609 173 621 181 1.5 1.8 4.2 0.351 0.618 56.896 1.571 0.749
Car -1 -1 -10 561 179 575 191 1.5 1.8 4.2 -3.118 1.334 55.157 1.571 0.722
Car -1 -1 -10 619 173 633 185 1.5 1.8 4.2 1.255 0.973 59.927 1.571 0.691
Car -1 -1 -10 638 173 672 203 1.5 1.8 4.2 2.029 1.387 35.302 1.571 0.635
Car -1 -1 -10 633 170 661 196 1.5 1.8 4.2 1.955 1.085 40.967 1.571 0.580
