Car -1 -1 -10 -9 183 221 299 1.5 1.8 4.2 -7.434 1.846 12.662 1.571 0.987
Car -1 -1 -10 211 179 331 243 1.5 1.8 4.2 -8.864 1.823 20.859 1.571 0.967
Car -1 -1 -10 311 183 391 231 1.5 1.8 4.2 -6.660 1.484 20.513 1.571 0.945
Car -1 -1 -10 407 179 465 211 1.5 1.8 4.2 -7.790 1.698 34.227 1.571 0.907
Car -1 -1 -10 647 172 675 192 1.5 1.8 4.2 3.917 1.481 57.913 1.571 0.872
Car -1 -1 -10 679 173 703 189 1.5 1.8 4.2 6.231 1.247 57.854 1.571 0.843
Car -1 -1 -10 119 179 253 253 1.5 1.8 4.2 -7.048 1.322 14.000 1.571 0.791
Car -1 -1 -10 583 179 605 189 1.5 1.8 4.2 -1.377 1.364 63.079 1.571 0.750
Car -1 -1 -10 1060 152 1176 180 1.5 1.8 4.2 13.694 0.193 21.622 1.571 0.704
Car -1 -1 -10 471 178 493 204 1.5 1.8 4.2 -6.611 1.496 39.141 1.571 0.688
Car -1 -1 -10 571 181 593 189 1.5 1.8 4.2 -2.386 1.361 62.931 1.571 0.671
Car -1 -1 -10 488 176 508 202 1.5 1.8 4.2 -6.846 1.529 45.978 1.571 0.666
Car -1 -1 -10 903 153 977 179 1.5 1.8 4.2 20.646 0.197 47.317 1.571 0.653
Car -1 -1 -10 456 182 478 206 1.5 1.8 4.2 -6.610 1.522 35.241 1.571 0.623
