Car -1 -1 -10 9 190 207 268 1.5 1.8 4.2 -9.965 1.878 16.346 1.571 1.000
Car -1 -1 -10 728 176 862 240 1.5 1.8 4.2 4.008 1.473 17.936 1.571 0.993
Car -1 -1 -10 180 176 310 242 1.5 1.8 4.2 -9.854 1.857 21.480 1.571 0.946
Car -1 -1 -10 681 181 735 217 1.5 1.8 4.2 2.841 1.302 23.382 1.571 0.944
Car -1 -1 -10 589 174 637 214 1.5 1.8 4.2 0.067 1.540 29.118 1.571 0.831
Car -1 -1 -10 498 178 524 192 1.5 1.8 4.2 -8.189 1.578 61.598 1.571 0.643
Car -1 -1 -10 648 179 670 199 1.5 1.8 4.2 3.461 1.863 53.516 1.571 0.611
Car -1 -1 -10 540 179 558 189 1.5 1.8 4.2 -5.532 1.458 67.266 1.571 0.579
Car -1 -1 -10 713 180 769 218 1.5 1.8 4.2 3.000 1.051 18.910 1.571 0.538
Car -1 -1 -10 664 180 707 208 1.5 1.8 4.2 2.307 1.234 27.446 1.571 0.517
