Car -1 -1 -10 1 197 209 281 1.5 1.8 4.2 -9.941 2.117 16.227 1.571 0.997
Car -1 -1 -10 182 187 328 277 1.5 1.8 4.2 -6.736 1.960 15.681 1.571 0.995
Car -1 -1 -10 595 181 695 273 1.5 1.8 4.2 0.507 1.608 13.685 1.571 0.991
Car -1 -1 -10 343 187 419 223 1.5 1.8 4.2 -9.349 2.037 31.416 1.571 0.972
Car -1 -1 -10 500 183 540 209 1.5 1.8 4.2 -4.981 1.875 41.725 1.571 0.899
Car -1 -1 -10 724 175 850 239 1.5 1.8 4.2 4.464 1.687 20.503 1.571 0.847
Car -1 -1 -10 588 188 604 200 1.5 1.8 4.2 -1.128 2.134 58.837 1.571 0.706
Car -1 -1 -10 570 183 588 195 1.5 1.8 4.2 -2.348 1.656 56.078 1.571 0.683
Car -1 -1 -10 411 182 447 214 1.5 1.8 4.2 -8.590 1.943 36.176 1.571 0.675
Car -1 -1 -10 687 178 735 212 1.5 1.8 4.2 3.981 1.560 30.856 1.571 0.600
Car -1 -1 -10 466 184 494 204 1.5 1.8 4.2 -8.691 2.074 50.158 1.571 0.535
Car -1 -1 -10 450 182 486 208 1.5 1.8 4.2 -3.050 0.699 17.332 1.571 0.523
