Car -1 -1 -10 779 185 1167 373 1.5 1.8 4.2 2.464 1.391 7.115 1.571 0.996
Car -1 -1 -10 674 180 752 234 1.5 1.8 4.2 2.463 1.492 19.714 1.571 0.994
Car -1 -1 -10 323 192 407 236 1.5 1.8 4.2 -7.053 1.805 22.726 1.571 0.948
Car -1 -1 -10 588 178 618 204 1.5 1.8 4.2 -0.382 1.423 37.336 1.571 0.838
Car -1 -1 -10 420 182 470 214 1.5 1.8 4.2 -7.119 1.764 33.044 1.571 0.816
Car -1 -1 -10 648 180 668 206 1.5 1.8 4.2 2.461 1.622 39.684 1.571 0.635
Car -1 -1 -10 623 178 637 190 1.5 1.8 4.2 1.480 1.293 56.528 1.571 0.629
Car -1 -1 -10 639 177 659 203 1.5 1.8 4.2 2.010 1.321 40.016 1.571 0.618
Car -1 -1 -10 660 180 718 218 1.5 1.8 4.2 1.923 1.349 23.659 1.571 0.543
Car -1 -1 -10 989 305 1259 373 1.5 1.8 4.2 2.958 1.175 6.337 1.571 0.507
