Car -1 -1 -10 113 188 417 346 1.5 1.8 4.2 -3.009 1.384 8.288 1.571 0.999
Car -1 -1 -10 -3 188 127 308 1.5 1.8 4.2 -7.153 1.597 11.449 1.571 0.982
Car -1 -1 -10 512 181 542 207 1.5 1.8 4.2 -4.739 1.212 44.015 1.571 0.981
Car -1 -1 -10 697 188 793 256 1.5 1.8 4.2 2.638 1.387 16.188 1.571 0.970
Car -1 -1 -10 466 180 518 220 1.5 1.8 4.2 -3.958 1.176 26.405 1.571 0.951
Car -1 -1 -10 633 180 677 206 1.5 1.8 4.2 2.151 0.963 35.396 1.571 0.924
Car -1 -1 -10 579 176 619 202 1.5 1.8 4.2 -0.518 0.932 41.994 1.571 0.910
Car -1 -1 -10 355 187 485 257 1.5 1.8 4.2 -3.507 1.321 15.324 1.571 0.895
Car -1 -1 -10 540 172 556 198 1.5 1.8 4.2 -3.709 0.356 46.371 1.571 0.698
Car -1 -1 -10 354 185 386 211 1.5 1.8 4.2 -8.385 0.835 27.321 1.571 0.510
