Car -1 -1 -10 6 208 204 304 1.5 1.8 4.2 -7.302 1.882 12.453 1.571 0.991
Car -1 -1 -10 106 189 262 267 1.5 1.8 4.2 -7.307 1.603 14.384 1.571 0.963
Car -1 -1 -10 320 187 410 237 1.5 1.8 4.2 -6.610 1.717 21.419 1.571 0.948
Car -1 -1 -10 -1 233 23 327 1.5 1.8 4.2 -7.409 1.892 10.956 1.571 0.895
Car -1 -1 -10 479 183 513 209 1.5 1.8 4.2 -6.058 1.803 40.198 1.571 0.892
Car -1 -1 -10 519 184 541 200 1.5 1.8 4.2 -5.841 1.971 54.506 1.571 0.885
Car -1 -1 -10 261 191 345 255 1.5 1.8 4.2 -6.592 1.749 17.468 1.571 0.859
Car -1 -1 -10 652 182 676 196 1.5 1.8 4.2 4.052 1.749 56.632 1.571 0.840
Car -1 -1 -10 618 180 634 190 1.5 1.8 4.2 1.325 1.446 62.980 1.571 0.651
Car -1 -1 -10 1099 154 1241 180 1.5 1.8 4.2 15.061 0.166 21.570 1.571 0.560
