Car -1 -1 -10 721 190 863 292 1.5 1.8 4.2 2.402 1.609 11.847 1.571 0.999
Car -1 -1 -10 799 212 1231 376 1.5 1.8 4.2 2.420 1.244 6.518 1.571 0.998
Car -1 -1 -10 392 198 516 280 1.5 1.8 4.2 -2.552 1.714 13.647 1.571 0.990
Car -1 -1 -10 501 185 555 231 1.5 1.8 4.2 -2.667 1.857 25.143 1.571 0.976
Car -1 -1 -10 693 172 789 252 1.5 1.8 4.2 2.520 1.554 16.273 1.571 0.952
Car -1 -1 -10 640 180 688 212 1.5 1.8 4.2 2.204 1.629 32.135 1.571 0.923
Car -1 -1 -10 564 181 586 199 1.5 1.8 4.2 -2.337 1.721 49.592 1.571 0.891
Car -1 -1 -10 559 180 577 206 1.5 1.8 4.2 -2.704 1.789 47.974 1.571 0.842
Car -1 -1 -10 631 179 665 201 1.5 1.8 4.2 1.784 1.653 44.476 1.571 0.691
Car -1 -1 -10 624 180 636 188 1.5 1.8 4.2 1.556 1.199 59.212 1.571 0.560
