Car -1 -1 -10 862 165 1126 281 1.5 1.8 4.2 4.607 1.313 10.863 1.571 0.997
Car -1 -1 -10 10 215 282 371 1.5 1.8 4.2 -3.276 1.374 7.103 1.571 0.997
Car -1 -1 -10 440 187 516 255 1.5 1.8 4.2 -2.997 1.832 18.196 1.571 0.995
Car -1 -1 -10 276 192 456 304 1.5 1.8 4.2 -3.278 1.731 11.628 1.571 0.993
Car -1 -1 -10 822 169 892 231 1.5 1.8 4.2 4.630 1.102 15.783 1.571 0.974
Car -1 -1 -10 485 181 535 231 1.5 1.8 4.2 -2.870 1.640 22.450 1.571 0.969
Car -1 -1 -10 671 179 741 231 1.5 1.8 4.2 2.582 1.594 21.880 1.571 0.965
Car -1 -1 -10 518 184 559 210 1.5 1.8 4.2 -2.592 1.551 32.240 1.571 0.888
Car -1 -1 -10 748 173 798 207 1.5 1.8 4.2 6.264 1.321 30.028 1.571 0.856
Car -1 -1 -10 529 184 565 208 1.5 1.8 4.2 -2.533 1.652 36.014 1.571 0.701
Car -1 -1 -10 795 162 817 174 1.5 1.8 4.2 15.249 0.089 58.337 1.571 0.601
Car -1 -1 -10 861 159 889 169 1.5 1.8 4.2 24.639 -0.359 69.244 1.571 0.577
