Car -1 -1 -10 1016 179 1228 359 1.5 1.8 4.2 3.309 1.224 6.847 1.571 0.997
Car -1 -1 -10 23 187 293 321 1.5 1.8 4.2 -5.896 1.914 11.422 1.571 0.990
Car -1 -1 -10 350 184 420 220 1.5 1.8 4.2 -9.117 1.901 31.196 1.571 0.988
Car -1 -1 -10 412 185 484 227 1.5 1.8 4.2 -5.750 1.906 27.503 1.571 0.986
Car -1 -1 -10 687 182 757 230 1.5 1.8 4.2 3.200 1.657 23.031 1.571 0.983
Car -1 -1 -10 243 183 323 235 1.5 1.8 4.2 -9.520 1.800 22.997 1.571 0.974
Car -1 -1 -10 588 181 656 239 1.5 1.8 4.2 0.238 1.598 19.534 1.571 0.974
Car -1 -1 -10 519 180 563 204 1.5 1.8 4.2 -3.897 1.742 42.455 1.571 0.958
Car -1 -1 -10 742 178 864 252 1.5 1.8 4.2 4.026 1.672 17.348 1.571 0.953
Car -1 -1 -10 -1 186 73 228 1.5 1.8 4.2 -19.139 1.834 26.098 1.571 0.503
