Car -1 -1 -10 758 183 852 259 1.5 1.8 4.2 3.493 1.567 15.226 1.571 0.992
Car -1 -1 -10 496 185 556 217 1.5 1.8 4.2 -3.289 1.705 29.966 1.571 0.987
Car -1 -1 -10 723 178 793 234 1.5 1.8 4.2 3.677 1.540 20.273 1.571 0.981
Car -1 -1 -10 577 181 605 197 1.5 1.8 4.2 -1.392 1.730 53.795 1.571 0.941
Car -1 -1 -10 1 225 175 373 1.5 1.8 4.2 -4.033 1.523 7.593 1.571 0.935
Car -1 -1 -10 693 182 727 214 1.5 1.8 4.2 3.917 1.630 30.689 1.571 0.784
Car -1 -1 -10 551 182 571 208 1.5 1.8 4.2 -2.377 1.532 36.497 1.571 0.752
Car -1 -1 -10 650 177 670 187 1.5 1.8 4.2 4.200 1.195 63.065 1.571 0.635
Car -1 -1 -10 687 182 727 208 1.5 1.8 4.2 3.944 1.610 35.159 1.571 0.617
Car -1 -1 -10 671 180 683 188 1.5 1.8 4.2 5.740 1.303 64.176 1.571 0.610
Car -1 -1 -10 642 178 658 186 1.5 1.8 4.2 3.557 1.176 66.675 1.571 0.584
Car -1 -1 -10 710 181 767 219 1.5 1.8 4.2 3.756 1.526 25.962 1.571 0.549
Car -1 -1 -10 538 183 564 209 1.5 1.8 4.2 -2.671 1.521 34.239 1.571 0.545
