Car -1 -1 -10 702 191 904 337 1.5 1.8 4.2 1.988 1.739 9.747 1.571 0.980
Car -1 -1 -10 839 219 1229 363 1.5 1.8 4.2 2.050 0.946 5.690 1.571 0.973
Car -1 -1 -10 46 209 448 373 1.5 1.8 4.2 -2.502 1.347 6.956 1.571 0.964
Car -1 -1 -10 378 184 494 294 1.5 1.8 4.2 -2.319 1.575 11.483 1.571 0.907
Car -1 -1 -10 681 174 775 254 1.5 1.8 4.2 2.314 1.628 16.577 1.571 0.886
Car -1 -1 -10 425 186 520 248 1.5 1.8 4.2 -2.496 1.569 17.167 1.571 0.869
Car -1 -1 -10 516 183 556 217 1.5 1.8 4.2 -2.957 1.737 30.496 1.571 0.838
Car -1 -1 -10 649 184 699 230 1.5 1.8 4.2 1.580 1.456 20.493 1.571 0.752
Car -1 -1 -10 597 182 629 196 1.5 1.8 4.2 0.183 1.647 53.449 1.571 0.611
Car -1 -1 -10 562 179 592 199 1.5 1.8 4.2 -1.397 1.366 39.793 1.571 0.578
Car -1 -1 -10 544 171 578 207 1.5 1.8 4.2 -2.266 1.549 34.847 1.571 0.573
