Car -1 -1 -10 0 186 296 378 1.5 1.8 4.2 -2.913 1.267 6.556 1.571 0.998
Car -1 -1 -10 480 179 514 205 1.5 1.8 4.2 -6.062 1.607 40.559 1.571 0.970
Car -1 -1 -10 646 167 740 197 1.5 1.8 4.2 2.251 0.669 22.103 1.571 0.953
Car -1 -1 -10 604 173 626 189 1.5 1.8 4.2 0.318 1.127 52.494 1.571 0.920
Car -1 -1 -10 540 178 554 188 1.5 1.8 4.2 -5.058 1.209 59.719 1.571 0.907
Car -1 -1 -10 558 176 572 186 1.5 1.8 4.2 -3.662 1.062 60.393 1.571 0.773
Car -1 -1 -10 812 158 842 174 1.5 1.8 4.2 16.722 0.088 57.794 1.571 0.745
Car -1 -1 -10 586 176 600 188 1.5 1.8 4.2 -1.401 1.225 60.454 1.571 0.739
Car -1 -1 -10 571 176 589 190 1.5 1.8 4.2 -2.500 1.414 61.598 1.571 0.701
Car -1 -1 -10 525 179 537 189 1.5 1.8 4.2 -6.480 1.319 61.047 1.571 0.687
Car -1 -1 -10 851 154 929 176 1.5 1.8 4.2 19.984 0.225 53.677 1.571 0.676
Car -1 -1 -10 790 156 818 174 1.5 1.8 4.2 14.839 0.088 57.397 1.571 0.624
