Car -1 -1 -10 828 204 1242 378 1.5 1.8 4.2 2.360 1.168 6.208 1.571 0.999
Car -1 -1 -10 9 167 215 357 1.5 1.8 4.2 -4.412 1.610 8.408 1.571 0.994
Car -1 -1 -10 739 180 905 294 1.5 1.8 4.2 2.530 1.478 10.903 1.571 0.993
Car -1 -1 -10 243 173 389 251 1.5 1.8 4.2 -4.953 1.302 14.121 1.571 0.987
Car -1 -1 -10 671 180 737 222 1.5 1.8 4.2 2.587 1.379 22.343 1.571 0.976
Car -1 -1 -10 369 177 463 223 1.5 1.8 4.2 -5.375 1.376 21.903 1.571 0.938
Car -1 -1 -10 29 152 273 278 1.5 1.8 4.2 -5.170 1.171 10.138 1.571 0.922
Car -1 -1 -10 228 190 332 278 1.5 1.8 4.2 -4.760 1.499 12.386 1.571 0.881
Car -1 -1 -10 642 173 684 205 1.5 1.8 4.2 2.161 1.337 32.115 1.571 0.861
Car -1 -1 -10 410 167 518 213 1.5 1.8 4.2 -4.994 1.360 26.548 1.571 0.837
