Car -1 -1 -10 354 194 506 294 1.5 1.8 4.2 -2.509 1.651 11.934 1.571 0.998
Car -1 -1 -10 855 233 1217 367 1.5 1.8 4.2 2.240 1.048 5.996 1.571 0.997
Car -1 -1 -10 736 191 942 333 1.5 1.8 4.2 2.367 1.695 9.739 1.571 0.996
Car -1 -1 -10 487 179 553 233 1.5 1.8 4.2 -2.655 1.741 22.988 1.571 0.985
Car -1 -1 -10 643 175 691 209 1.5 1.8 4.2 2.219 1.435 30.752 1.571 0.966
Car -1 -1 -10 701 160 823 266 1.5 1.8 4.2 2.691 1.682 15.132 1.571 0.901
Car -1 -1 -10 555 175 579 201 1.5 1.8 4.2 -2.755 1.528 47.759 1.571 0.748
Car -1 -1 -10 629 173 655 193 1.5 1.8 4.2 2.115 1.352 50.525 1.571 0.743
Car -1 -1 -10 568 177 588 191 1.5 1.8 4.2 -2.174 1.214 50.394 1.571 0.703
Car -1 -1 -10 622 174 634 184 1.5 1.8 4.2 1.409 0.889 59.651 1.571 0.631
Car -1 -1 -10 591 177 601 185 1.5 1.8 4.2 -1.297 1.106 67.823 1.571 0.535
