Car -1 -1 -10 218 192 508 330 1.5 1.8 4.2 -2.754 1.715 9.977 1.571 0.998
Car -1 -1 -10 32 191 240 255 1.5 1.8 4.2 -10.509 1.812 18.017 1.571 0.938
Car -1 -1 -10 1202 155 1236 171 1.5 1.8 4.2 44.491 -0.136 54.847 1.571 0.911
Car -1 -1 -10 633 168 681 200 1.5 1.8 4.2 2.237 1.315 37.061 1.571 0.862
Car -1 -1 -10 1170 156 1202 174 1.5 1.8 4.2 39.964 0.079 52.201 1.571 0.853
Car -1 -1 -10 490 179 528 205 1.5 1.8 4.2 -5.392 1.703 40.340 1.571 0.837
Car -1 -1 -10 402 180 464 206 1.5 1.8 4.2 -7.073 1.197 30.751 1.571 0.789
Car -1 -1 -10 1039 155 1079 181 1.5 1.8 4.2 26.861 0.248 45.322 1.571 0.757
Car -1 -1 -10 674 172 690 188 1.5 1.8 4.2 4.740 1.004 49.930 1.571 0.696
Car -1 -1 -10 682 172 698 184 1.5 1.8 4.2 6.943 0.970 64.936 1.571 0.688
Car -1 -1 -10 1136 157 1172 173 1.5 1.8 4.2 35.783 0.009 49.605 1.571 0.662
Car -1 -1 -10 1104 154 1140 180 1.5 1.8 4.2 30.054 0.185 44.505 1.571 0.605
Car -1 -1 -10 351 184 389 196 1.5 1.8 4.2 -19.365 1.865 60.238 1.571 0.529
