Car -1 -1 -10 1107 189 1241 371 1.5 1.8 4.2 4.648 1.653 8.122 1.571 0.995
Car -1 -1 -10 5 188 231 346 1.5 1.8 4.2 -5.024 1.747 9.383 1.571 0.994
Car -1 -1 -10 779 180 963 254 1.5 1.8 4.2 5.254 1.650 16.773 1.571 0.992
Car -1 -1 -10 2 250 138 374 1.5 1.8 4.2 -4.215 1.548 7.654 1.571 0.986
Car -1 -1 -10 635 184 687 216 1.5 1.8 4.2 1.822 1.580 28.523 1.571 0.981
Car -1 -1 -10 290 186 406 248 1.5 1.8 4.2 -4.864 1.379 15.347 1.571 0.967
Car -1 -1 -10 99 167 339 293 1.5 1.8 4.2 -5.183 1.575 11.561 1.571 0.967
Car -1 -1 -10 549 175 575 195 1.5 1.8 4.2 -3.564 1.630 55.224 1.571 0.756
Car -1 -1 -10 620 171 640 197 1.5 1.8 4.2 1.264 1.177 48.925 1.571 0.674
Car -1 -1 -10 340 179 484 229 1.5 1.8 4.2 -6.133 1.725 24.274 1.571 0.646
