Car -1 -1 -10 414 187 552 261 1.5 1.8 4.2 -2.536 1.723 16.206 1.571 0.988
Car -1 -1 -10 317 188 377 222 1.5 1.8 4.2 -9.493 1.765 28.017 1.571 0.981
Car -1 -1 -10 549 165 877 329 1.5 1.8 4.2 1.040 1.663 9.786 1.571 0.979
Car -1 -1 -10 943 169 1093 233 1.5 1.8 4.2 7.827 1.161 16.037 1.571 0.978
Car -1 -1 -10 859 170 931 224 1.5 1.8 4.2 6.508 1.177 18.709 1.571 0.966
Car -1 -1 -10 110 189 168 219 1.5 1.8 4.2 -24.022 2.349 38.839 1.571 0.951
Car -1 -1 -10 195 188 217 198 1.5 1.8 4.2 -33.963 2.112 62.712 1.571 0.941
Car -1 -1 -10 1033 153 1233 207 1.5 1.8 4.2 12.207 0.800 19.012 1.571 0.922
Car -1 -1 -10 505 173 583 211 1.5 1.8 4.2 -2.679 1.522 30.896 1.571 0.914
Car -1 -1 -10 285 181 309 199 1.5 1.8 4.2 -21.806 1.819 52.296 1.571 0.900
Car -1 -1 -10 0 203 72 293 1.5 1.8 4.2 -9.578 1.993 14.071 1.571 0.828
Car -1 -1 -10 226 184 248 192 1.5 1.8 4.2 -31.039 1.592 62.093 1.571 0.820
Car -1 -1 -10 156 184 182 210 1.5 1.8 4.2 -28.388 2.067 48.491 1.571 0.732
Car -1 -1 -10 308 185 334 211 1.5 1.8 4.2 -11.611 1.406 30.979 1.571 0.609
Car -1 -1 -10 -3 231 35 359 1.5 1.8 4.2 -7.541 2.345 11.192 1.571 0.589
