Car -1 -1 -10 541 178 625 218 1.5 1.8 4.2 -0.926 1.469 25.580 1.571 0.995
Car -1 -1 -10 1199 155 1237 171 1.5 1.8 4.2 42.291 -0.129 52.326 1.571 0.921
Car -1 -1 -10 715 173 731 187 1.5 1.8 4.2 8.791 1.104 58.408 1.571 0.915
Car -1 -1 -10 685 169 711 195 1.5 1.8 4.2 5.552 1.152 47.907 1.571 0.899
Car -1 -1 -10 1170 156 1202 174 1.5 1.8 4.2 42.048 0.083 54.810 1.571 0.806
Car -1 -1 -10 1040 155 1078 181 1.5 1.8 4.2 25.720 0.238 43.492 1.571 0.722
Car -1 -1 -10 1137 158 1173 174 1.5 1.8 4.2 37.186 0.078 51.373 1.571 0.680
Car -1 -1 -10 1103 154 1141 180 1.5 1.8 4.2 29.994 0.184 44.421 1.571 0.656
Car -1 -1 -10 666 174 680 186 1.5 1.8 4.2 4.254 0.894 51.189 1.571 0.589
Car -1 -1 -10 632 169 660 183 1.5 1.8 4.2 2.915 0.829 61.048 1.571 0.581
Car -1 -1 -10 154 159 358 241 1.5 1.8 4.2 -9.603 1.839 21.570 1.571 0.547
Car -1 -1 -10 735 169 759 187 1.5 1.8 4.2 10.290 1.065 56.449 1.571 0.530
