Car -1 -1 -10 475 179 563 237 1.5 1.8 4.2 -2.218 1.527 19.276 1.571 0.997
Car -1 -1 -10 585 174 651 222 1.5 1.8 4.2 0.173 1.369 22.206 1.571 0.994
Car -1 -1 -10 296 182 410 266 1.5 1.8 4.2 -4.276 1.530 13.951 1.571 0.992
Car -1 -1 -10 673 173 723 223 1.5 1.8 4.2 2.076 1.212 19.540 1.571 0.953
Car -1 -1 -10 765 165 975 305 1.5 1.8 4.2 1.973 1.490 10.239 1.571 0.916
Car -1 -1 -10 361 178 459 242 1.5 1.8 4.2 -5.349 1.831 21.214 1.571 0.915
Car -1 -1 -10 98 177 338 305 1.5 1.8 4.2 -4.829 1.609 10.885 1.571 0.886
Car -1 -1 -10 726 155 894 267 1.5 1.8 4.2 2.634 1.676 14.947 1.571 0.814
Car -1 -1 -10 693 179 784 239 1.5 1.8 4.2 2.134 1.432 17.719 1.571 0.659
Car -1 -1 -10 565 171 591 191 1.5 1.8 4.2 -2.223 1.242 51.503 1.571 0.554
Car -1 -1 -10 451 175 507 205 1.5 1.8 4.2 -5.620 1.368 32.816 1.571 0.514
