Car -1 -1 -10 744 182 810 240 1.5 1.8 4.2 3.426 1.399 17.132 1.571 0.997
Car -1 -1 -10 506 178 564 212 1.5 1.8 4.2 -3.116 1.603 31.655 1.571 0.976
Car -1 -1 -10 582 177 608 191 1.5 1.8 4.2 -1.130 1.330 55.003 1.571 0.904
Car -1 -1 -10 716 177 770 221 1.5 1.8 4.2 3.725 1.366 22.578 1.571 0.797
Car -1 -1 -10 637 171 657 181 1.5 1.8 4.2 3.242 0.719 65.781 1.571 0.774
Car -1 -1 -10 699 175 747 207 1.5 1.8 4.2 3.987 1.376 31.187 1.571 0.774
Car -1 -1 -10 712 179 770 217 1.5 1.8 4.2 3.604 1.366 24.434 1.571 0.636
Car -1 -1 -10 550 177 574 203 1.5 1.8 4.2 -2.366 1.363 37.049 1.571 0.634
Car -1 -1 -10 -5 203 277 377 1.5 1.8 4.2 -3.968 1.683 8.051 1.571 0.607
Car -1 -1 -10 686 177 725 203 1.5 1.8 4.2 3.933 1.393 35.452 1.571 0.575
