Car -1 -1 -10 849 235 1229 365 1.5 1.8 4.2 2.093 0.964 5.721 1.571 0.995
Car -1 -1 -10 17 176 271 300 1.5 1.8 4.2 -5.722 1.546 10.872 1.571 0.987
Car -1 -1 -10 329 178 465 218 1.5 1.8 4.2 -6.886 1.449 25.264 1.571 0.984
Car -1 -1 -10 448 179 528 241 1.5 1.8 4.2 -2.945 1.616 19.212 1.571 0.981
Car -1 -1 -10 641 174 719 226 1.5 1.8 4.2 1.868 1.456 21.874 1.571 0.950
Car -1 -1 -10 -5 184 155 358 1.5 1.8 4.2 -5.719 1.959 9.736 1.571 0.939
Car -1 -1 -10 603 169 629 189 1.5 1.8 4.2 0.442 1.264 58.597 1.571 0.672
Car -1 -1 -10 538 172 554 184 1.5 1.8 4.2 -4.697 0.813 54.718 1.571 0.636
Car -1 -1 -10 610 175 638 193 1.5 1.8 4.2 0.949 1.410 52.628 1.571 0.624
Car -1 -1 -10 497 170 531 184 1.5 1.8 4.2 -6.570 0.759 51.240 1.571 0.593
Car -1 -1 -10 521 172 543 188 1.5 1.8 4.2 -5.487 1.059 52.566 1.571 0.541
