Car -1 -1 -10 897 165 1019 225 1.5 1.8 4.2 8.394 1.265 19.611 1.571 0.995
Car -1 -1 -10 1011 156 1135 226 1.5 1.8 4.2 10.445 1.205 18.459 1.571 0.986
Car -1 -1 -10 846 168 926 218 1.5 1.8 4.2 7.743 1.274 22.473 1.571 0.986
Car -1 -1 -10 346 184 470 276 1.5 1.8 4.2 -3.376 1.696 13.964 1.571 0.978
Car -1 -1 -10 667 177 757 235 1.5 1.8 4.2 2.401 1.494 19.451 1.571 0.974
Car -1 -1 -10 51 191 373 361 1.5 1.8 4.2 -3.641 1.693 8.595 1.571 0.964
Car -1 -1 -10 465 179 533 223 1.5 1.8 4.2 -3.605 1.607 25.221 1.571 0.939
Car -1 -1 -10 795 170 859 208 1.5 1.8 4.2 5.290 0.865 19.859 1.571 0.876
Car -1 -1 -10 1119 145 1241 267 1.5 1.8 4.2 5.775 0.963 9.484 1.571 0.853
Car -1 -1 -10 528 176 569 202 1.5 1.8 4.2 -2.444 1.400 36.778 1.571 0.814
Car -1 -1 -10 500 166 560 212 1.5 1.8 4.2 -2.943 1.417 28.228 1.571 0.691
