Car -1 -1 -10 423 186 505 238 1.5 1.8 4.2 -4.023 1.772 21.733 1.571 0.996
Car -1 -1 -10 886 211 1242 375 1.5 1.8 4.2 3.136 1.423 7.179 1.571 0.995
Car -1 -1 -10 740 180 814 244 1.5 1.8 4.2 3.382 1.463 16.940 1.571 0.990
Car -1 -1 -10 780 185 954 285 1.5 1.8 4.2 3.514 1.558 12.124 1.571 0.990
Car -1 -1 -10 551 177 585 203 1.5 1.8 4.2 -2.747 1.689 48.714 1.571 0.900
Car -1 -1 -10 490 183 540 219 1.5 1.8 4.2 -3.403 1.630 27.591 1.571 0.837
Car -1 -1 -10 693 181 725 215 1.5 1.8 4.2 3.439 1.484 27.504 1.571 0.791
Car -1 -1 -10 714 177 768 225 1.5 1.8 4.2 3.594 1.450 22.169 1.571 0.779
Car -1 -1 -10 685 178 733 210 1.5 1.8 4.2 3.673 1.643 34.013 1.571 0.686
Car -1 -1 -10 520 184 546 212 1.5 1.8 4.2 -3.117 1.562 30.893 1.571 0.602
Car -1 -1 -10 949 173 1019 205 1.5 1.8 4.2 11.176 0.964 23.755 1.571 0.596
Car -1 -1 -10 671 177 689 189 1.5 1.8 4.2 5.251 1.218 56.526 1.571 0.507
