Car -1 -1 -10 739 209 1103 371 1.5 1.8 4.2 2.357 1.539 7.704 1.571 0.997
Car -1 -1 -10 676 196 796 298 1.5 1.8 4.2 1.722 1.766 12.283 1.571 0.995
Car -1 -1 -10 5 213 333 373 1.5 1.8 4.2 -3.925 1.755 8.427 1.571 0.995
Car -1 -1 -10 296 203 400 289 1.5 1.8 4.2 -4.655 2.039 14.770 1.571 0.983
Car -1 -1 -10 979 252 1231 370 1.5 1.8 4.2 5.153 2.075 9.695 1.571 0.963
Car -1 -1 -10 450 186 484 212 1.5 1.8 4.2 -8.338 2.098 43.987 1.571 0.943
Car -1 -1 -10 617 185 699 261 1.5 1.8 4.2 0.971 1.880 17.495 1.571 0.889
Car -1 -1 -10 569 188 623 232 1.5 1.8 4.2 -0.388 1.419 19.413 1.571 0.841
Car -1 -1 -10 551 186 587 210 1.5 1.8 4.2 -2.461 1.835 37.748 1.571 0.766
Car -1 -1 -10 387 184 455 236 1.5 1.8 4.2 -5.888 1.951 24.395 1.571 0.666
Car -1 -1 -10 541 182 559 208 1.5 1.8 4.2 -3.714 1.909 46.341 1.571 0.591
Car -1 -1 -10 570 190 619 222 1.5 1.8 4.2 -1.164 1.895 29.928 1.571 0.527
Car -1 -1 -10 527 185 537 195 1.5 1.8 4.2 -6.412 1.813 61.174 1.571 0.519
