Car -1 -1 -10 104 188 308 284 1.5 1.8 4.2 -5.146 1.400 11.190 1.571 0.983
Car -1 -1 -10 753 194 929 322 1.5 1.8 4.2 2.489 1.644 10.054 1.571 0.982
Car -1 -1 -10 -13 192 257 352 1.5 1.8 4.2 -4.697 1.703 8.959 1.571 0.973
Car -1 -1 -10 706 176 776 220 1.5 1.8 4.2 4.673 1.698 28.093 1.571 0.963
Car -1 -1 -10 827 178 1035 254 1.5 1.8 4.2 5.984 1.526 15.673 1.571 0.960
Car -1 -1 -10 233 191 387 269 1.5 1.8 4.2 -4.777 1.513 13.456 1.571 0.917
Car -1 -1 -10 751 180 835 232 1.5 1.8 4.2 4.531 1.481 20.166 1.571 0.868
Car -1 -1 -10 345 175 469 233 1.5 1.8 4.2 -5.068 1.486 19.930 1.571 0.814
Car -1 -1 -10 464 181 532 211 1.5 1.8 4.2 -5.346 1.806 36.273 1.571 0.775
Car -1 -1 -10 629 179 669 205 1.5 1.8 4.2 1.971 1.554 39.293 1.571 0.654
Car -1 -1 -10 -5 240 83 374 1.5 1.8 4.2 -4.571 1.589 7.802 1.571 0.523
