Car -1 -1 -10 732 161 888 217 1.5 1.8 4.2 5.424 1.208 21.849 1.571 0.996
Car -1 -1 -10 475 179 525 213 1.5 1.8 4.2 -4.192 1.513 29.296 1.571 0.987
Car -1 -1 -10 1010 144 1136 176 1.5 1.8 4.2 21.249 0.144 35.279 1.571 0.968
Car -1 -1 -10 501 177 542 203 1.5 1.8 4.2 -3.666 1.383 35.199 1.571 0.962
Car -1 -1 -10 561 170 589 196 1.5 1.8 4.2 -1.960 1.161 41.728 1.571 0.907
Car -1 -1 -10 1204 135 1268 177 1.5 1.8 4.2 33.497 0.227 41.573 1.571 0.842
Car -1 -1 -10 660 166 688 192 1.5 1.8 4.2 3.217 0.872 38.818 1.571 0.814
Car -1 -1 -10 612 171 644 189 1.5 1.8 4.2 1.363 1.248 57.876 1.571 0.774
Car -1 -1 -10 754 152 830 178 1.5 1.8 4.2 9.163 0.260 38.583 1.571 0.721
Car -1 -1 -10 554 172 578 198 1.5 1.8 4.2 -2.450 1.214 41.656 1.571 0.703
Car -1 -1 -10 887 147 965 171 1.5 1.8 4.2 21.388 -0.126 51.011 1.571 0.672
Car -1 -1 -10 521 178 553 198 1.5 1.8 4.2 -3.633 1.391 42.012 1.571 0.638
Car -1 -1 -10 633 173 657 189 1.5 1.8 4.2 2.587 1.207 56.035 1.571 0.512
