Car -1 -1 -10 819 173 1017 287 1.5 1.8 4.2 3.872 1.456 11.303 1.571 0.993
Car -1 -1 -10 -1 179 191 275 1.5 1.8 4.2 -9.742 1.921 15.674 1.571 0.991
Car -1 -1 -10 758 174 856 250 1.5 1.8 4.2 3.488 1.387 15.074 1.571 0.989
Car -1 -1 -10 711 176 783 236 1.5 1.8 4.2 3.038 1.424 18.377 1.571 0.979
Car -1 -1 -10 589 175 637 215 1.5 1.8 4.2 0.062 1.524 28.192 1.571 0.849
Car -1 -1 -10 682 175 736 219 1.5 1.8 4.2 2.620 1.245 21.565 1.571 0.843
Car -1 -1 -10 488 178 512 192 1.5 1.8 4.2 -9.314 1.616 63.029 1.571 0.638
Car -1 -1 -10 554 169 570 195 1.5 1.8 4.2 -3.132 0.913 48.681 1.571 0.601
Car -1 -1 -10 643 172 675 196 1.5 1.8 4.2 3.245 1.548 50.366 1.571 0.565
Car -1 -1 -10 464 177 492 191 1.5 1.8 4.2 -11.375 1.560 64.147 1.571 0.562
