Car -1 -1 -10 248 194 438 296 1.5 1.8 4.2 -3.577 1.623 11.613 1.571 0.993
Car -1 -1 -10 858 169 954 219 1.5 1.8 4.2 8.328 1.306 22.522 1.571 0.990
Car -1 -1 -10 817 175 887 213 1.5 1.8 4.2 7.775 1.297 25.423 1.571 0.982
Car -1 -1 -10 418 183 490 259 1.5 1.8 4.2 -3.406 1.852 17.612 1.571 0.980
Car -1 -1 -10 2 184 282 378 1.5 1.8 4.2 -2.148 0.915 5.318 1.571 0.980
Car -1 -1 -10 662 180 736 232 1.5 1.8 4.2 2.497 1.692 22.747 1.571 0.967
Car -1 -1 -10 1027 292 1241 370 1.5 1.8 4.2 5.055 1.923 9.141 1.571 0.953
Car -1 -1 -10 951 165 1049 217 1.5 1.8 4.2 5.735 0.655 12.812 1.571 0.915
Car -1 -1 -10 494 174 564 218 1.5 1.8 4.2 -2.997 1.645 28.390 1.571 0.884
Car -1 -1 -10 537 179 573 203 1.5 1.8 4.2 -2.272 1.462 37.097 1.571 0.780
Car -1 -1 -10 1003 136 1241 268 1.5 1.8 4.2 6.967 1.305 11.997 1.571 0.758
Car -1 -1 -10 734 169 788 199 1.5 1.8 4.2 7.740 1.347 39.271 1.571 0.692
Car -1 -1 -10 778 172 838 208 1.5 1.8 4.2 7.349 1.312 29.049 1.571 0.570
Car -1 -1 -10 240 189 264 215 1.5 1.8 4.2 -21.375 2.035 45.108 1.571 0.561
