Car -1 -1 -10 267 196 421 286 1.5 1.8 4.2 -4.676 1.966 14.637 1.571 0.999
Car -1 -1 -10 729 194 929 320 1.5 1.8 4.2 2.261 1.557 9.738 1.571 0.994
Car -1 -1 -10 395 189 471 247 1.5 1.8 4.2 -4.445 1.840 20.012 1.571 0.994
Car -1 -1 -10 2 236 182 374 1.5 1.8 4.2 -4.666 1.789 8.518 1.571 0.976
Car -1 -1 -10 489 183 539 213 1.5 1.8 4.2 -4.241 1.755 33.656 1.571 0.964
Car -1 -1 -10 606 176 616 182 1.5 1.8 4.2 0.051 0.716 58.635 1.571 0.612
Car -1 -1 -10 541 178 563 192 1.5 1.8 4.2 -4.674 1.534 59.906 1.571 0.602
Car -1 -1 -10 574 178 586 186 1.5 1.8 4.2 -2.473 1.072 60.941 1.571 0.579
Car -1 -1 -10 551 178 571 190 1.5 1.8 4.2 -4.014 1.395 60.821 1.571 0.571
Car -1 -1 -10 592 177 602 183 1.5 1.8 4.2 -1.019 0.772 57.053 1.571 0.549
