Car -1 -1 -10 40 191 234 267 1.5 1.8 4.2 -9.806 1.941 16.978 1.571 0.998
Car -1 -1 -10 232 176 312 214 1.5 1.8 4.2 -13.300 1.613 30.395 1.571 0.978
Car -1 -1 -10 1154 179 1242 369 1.5 1.8 4.2 2.653 0.905 5.429 1.571 0.958
Car -1 -1 -10 728 174 826 224 1.5 1.8 4.2 4.480 1.387 21.674 1.571 0.939
Car -1 -1 -10 525 172 559 198 1.5 1.8 4.2 -4.188 1.352 46.166 1.571 0.890
Car -1 -1 -10 575 180 751 344 1.5 1.8 4.2 0.391 1.452 8.221 1.571 0.889
Car -1 -1 -10 348 180 420 216 1.5 1.8 4.2 -9.029 1.715 30.785 1.571 0.882
Car -1 -1 -10 589 174 611 186 1.5 1.8 4.2 -0.859 1.096 62.254 1.571 0.759
Car -1 -1 -10 453 172 505 198 1.5 1.8 4.2 -2.841 0.514 17.457 1.571 0.664
Car -1 -1 -10 417 180 451 206 1.5 1.8 4.2 -8.601 1.612 37.193 1.571 0.584
Car -1 -1 -10 56 185 94 211 1.5 1.8 4.2 -19.337 1.303 28.117 1.571 0.509
