Car -1 -1 -10 404 190 470 254 1.5 1.8 4.2 -4.255 1.971 19.633 1.571 0.995
Car -1 -1 -10 455 188 505 232 1.5 1.8 4.2 -4.245 1.909 25.396 1.571 0.981
Car -1 -1 -10 678 176 736 210 1.5 1.8 4.2 2.849 1.110 23.658 1.571 0.974
Car -1 -1 -10 498 184 543 214 1.5 1.8 4.2 -3.878 1.998 37.144 1.571 0.954
Car -1 -1 -10 644 180 672 206 1.5 1.8 4.2 2.876 1.889 45.872 1.571 0.882
Car -1 -1 -10 -9 181 445 375 1.5 1.8 4.2 -2.539 1.279 6.665 1.571 0.855
Car -1 -1 -10 600 175 632 187 1.5 1.8 4.2 0.464 1.155 61.022 1.571 0.805
Car -1 -1 -10 521 185 551 205 1.5 1.8 4.2 -3.704 1.786 42.185 1.571 0.726
Car -1 -1 -10 1158 136 1244 184 1.5 1.8 4.2 27.208 0.514 35.369 1.571 0.683
Car -1 -1 -10 881 144 1063 204 1.5 1.8 4.2 10.016 0.866 22.163 1.571 0.631
Car -1 -1 -10 613 181 649 207 1.5 1.8 4.2 1.023 1.728 38.621 1.571 0.589
