Car -1 -1 -10 764 179 990 277 1.5 1.8 4.2 3.393 1.345 11.421 1.571 0.990
Car -1 -1 -10 315 175 395 215 1.5 1.8 4.2 -10.200 1.678 30.835 1.571 0.986
Car -1 -1 -10 587 174 649 222 1.5 1.8 4.2 0.183 1.430 23.094 1.571 0.980
Car -1 -1 -10 1131 173 1239 367 1.5 1.8 4.2 2.847 0.981 5.748 1.571 0.977
Car -1 -1 -10 738 175 844 239 1.5 1.8 4.2 3.324 1.234 15.565 1.571 0.924
Car -1 -1 -10 429 179 459 203 1.5 1.8 4.2 -9.341 1.689 42.538 1.571 0.707
Car -1 -1 -10 728 172 786 224 1.5 1.8 4.2 3.533 1.247 19.692 1.571 0.689
Car -1 -1 -10 395 179 429 207 1.5 1.8 4.2 -9.375 1.609 36.113 1.571 0.662
Car -1 -1 -10 -1 181 45 215 1.5 1.8 4.2 -24.556 1.757 32.179 1.571 0.648
Car -1 -1 -10 678 157 748 211 1.5 1.8 4.2 3.166 1.190 24.617 1.571 0.642
Car -1 -1 -10 777 167 843 193 1.5 1.8 4.2 4.827 0.394 19.701 1.571 0.540
Car -1 -1 -10 467 177 497 195 1.5 1.8 4.2 -9.921 1.711 57.864 1.571 0.508
