Car -1 -1 -10 40 183 316 353 1.5 1.8 4.2 -3.702 1.519 8.186 1.571 0.997
Car -1 -1 -10 592 180 660 230 1.5 1.8 4.2 0.368 1.496 20.994 1.571 0.997
Car -1 -1 -10 365 177 517 241 1.5 1.8 4.2 -3.665 1.456 17.523 1.571 0.996
Car -1 -1 -10 -1 223 71 375 1.5 1.8 4.2 -5.316 1.848 8.698 1.571 0.975
Car -1 -1 -10 781 192 941 272 1.5 1.8 4.2 2.585 1.044 9.696 1.571 0.968
Car -1 -1 -10 738 179 814 239 1.5 1.8 4.2 3.629 1.467 18.102 1.571 0.968
Car -1 -1 -10 900 174 1234 382 1.5 1.8 4.2 3.284 1.529 7.378 1.571 0.933
Car -1 -1 -10 4 183 98 269 1.5 1.8 4.2 -7.313 1.248 11.466 1.571 0.854
Car -1 -1 -10 710 168 778 222 1.5 1.8 4.2 3.739 1.389 22.500 1.571 0.842
Car -1 -1 -10 483 175 545 209 1.5 1.8 4.2 -3.227 1.197 25.997 1.571 0.817
Car -1 -1 -10 232 172 392 226 1.5 1.8 4.2 -4.366 0.768 12.537 1.571 0.699
Car -1 -1 -10 775 169 843 195 1.5 1.8 4.2 9.261 0.848 35.828 1.571 0.533
