Car -1 -1 -10 1003 183 1225 337 1.5 1.8 4.2 5.001 1.647 9.342 1.571 0.996
Car -1 -1 -10 753 182 929 246 1.5 1.8 4.2 5.106 1.633 18.213 1.571 0.989
Car -1 -1 -10 1158 217 1244 369 1.5 1.8 4.2 4.742 1.593 7.960 1.571 0.987
Car -1 -1 -10 -3 189 247 359 1.5 1.8 4.2 -4.690 1.767 8.949 1.571 0.984
Car -1 -1 -10 635 181 681 213 1.5 1.8 4.2 1.830 1.568 30.282 1.571 0.969
Car -1 -1 -10 115 175 339 289 1.5 1.8 4.2 -5.564 1.670 12.477 1.571 0.967
Car -1 -1 -10 347 184 425 240 1.5 1.8 4.2 -4.840 1.435 17.522 1.571 0.953
Car -1 -1 -10 409 178 491 220 1.5 1.8 4.2 -5.472 1.598 26.565 1.571 0.781
Car -1 -1 -10 178 180 370 252 1.5 1.8 4.2 -5.332 1.243 13.432 1.571 0.771
Car -1 -1 -10 549 175 575 195 1.5 1.8 4.2 -3.709 1.698 57.428 1.571 0.564
Car -1 -1 -10 619 177 639 191 1.5 1.8 4.2 1.276 1.249 51.783 1.571 0.512
