Car -1 -1 -10 517 212 887 376 1.5 1.8 4.2 0.638 1.538 7.564 1.571 1.000
Car -1 -1 -10 412 218 594 326 1.5 1.8 4.2 -1.386 1.902 11.065 1.571 0.995
Car -1 -1 -10 0 234 50 324 1.5 1.8 4.2 -10.240 2.631 14.663 1.571 0.946
Car -1 -1 -10 353 209 457 293 1.5 1.8 4.2 -3.644 2.103 14.734 1.571 0.940
Car -1 -1 -10 296 205 374 273 1.5 1.8 4.2 -6.632 2.396 19.365 1.571 0.906
Car -1 -1 -10 99 217 133 241 1.5 1.8 4.2 -24.739 3.407 38.175 1.571 0.839
Car -1 -1 -10 247 214 283 252 1.5 1.8 4.2 -12.210 2.790 27.538 1.571 0.781
Car -1 -1 -10 28 213 108 271 1.5 1.8 4.2 -16.433 2.966 23.911 1.571 0.716
Car -1 -1 -10 227 214 266 240 1.5 1.8 4.2 -17.881 3.203 36.517 1.571 0.595
Car -1 -1 -10 212 213 232 239 1.5 1.8 4.2 -22.591 3.728 44.043 1.571 0.558
