Car -1 -1 -10 403 186 529 272 1.5 1.8 4.2 -2.266 1.522 13.178 1.571 0.999
Car -1 -1 -10 249 174 385 248 1.5 1.8 4.2 -5.648 1.435 15.877 1.571 0.998
Car -1 -1 -10 581 178 647 224 1.5 1.8 4.2 0.062 1.430 22.276 1.571 0.997
Car -1 -1 -10 690 177 764 239 1.5 1.8 4.2 2.192 1.269 15.948 1.571 0.991
Car -1 -1 -10 5 184 223 352 1.5 1.8 4.2 -4.161 1.481 8.068 1.571 0.988
Car -1 -1 -10 479 174 547 242 1.5 1.8 4.2 -2.146 1.492 17.672 1.571 0.953
Car -1 -1 -10 163 176 255 218 1.5 1.8 4.2 -6.079 0.678 12.938 1.571 0.929
Car -1 -1 -10 548 171 580 195 1.5 1.8 4.2 -3.045 1.450 49.340 1.571 0.921
Car -1 -1 -10 711 185 825 261 1.5 1.8 4.2 2.115 1.416 13.697 1.571 0.914
Car -1 -1 -10 1037 117 1231 375 1.5 1.8 4.2 6.289 2.448 10.838 1.571 0.605
