Car -1 -1 -10 1007 167 1231 239 1.5 1.8 4.2 11.011 1.437 17.783 1.571 0.993
Car -1 -1 -10 692 190 796 244 1.5 1.8 4.2 2.810 1.520 17.517 1.571 0.983
Car -1 -1 -10 482 185 536 215 1.5 1.8 4.2 -4.297 1.774 32.483 1.571 0.976
Car -1 -1 -10 898 176 1046 208 1.5 1.8 4.2 10.689 1.042 23.503 1.571 0.893
Car -1 -1 -10 667 181 691 197 1.5 1.8 4.2 4.501 1.586 49.511 1.571 0.848
Car -1 -1 -10 538 183 560 209 1.5 1.8 4.2 -3.255 1.800 40.140 1.571 0.829
Car -1 -1 -10 590 184 610 192 1.5 1.8 4.2 -0.872 1.621 63.202 1.571 0.756
Car -1 -1 -10 550 179 568 205 1.5 1.8 4.2 -3.261 1.717 47.756 1.571 0.753
Car -1 -1 -10 522 185 546 209 1.5 1.8 4.2 -3.536 1.661 35.270 1.571 0.746
Car -1 -1 -10 621 182 637 188 1.5 1.8 4.2 1.474 1.197 59.126 1.571 0.568
Car -1 -1 -10 681 184 743 228 1.5 1.8 4.2 2.777 1.528 22.096 1.571 0.539
