Car -1 -1 -10 729 189 827 255 1.5 1.8 4.2 3.591 1.781 17.748 1.571 0.998
Car -1 -1 -10 587 180 657 236 1.5 1.8 4.2 0.248 1.574 20.086 1.571 0.997
Car -1 -1 -10 108 175 372 327 1.5 1.8 4.2 -3.880 1.592 9.554 1.571 0.997
Car -1 -1 -10 319 179 433 273 1.5 1.8 4.2 -3.772 1.591 13.562 1.571 0.994
Car -1 -1 -10 410 185 482 249 1.5 1.8 4.2 -3.155 1.439 15.743 1.571 0.988
Car -1 -1 -10 694 175 760 227 1.5 1.8 4.2 3.637 1.705 24.826 1.571 0.970
Car -1 -1 -10 459 179 531 233 1.5 1.8 4.2 -3.096 1.593 21.211 1.571 0.943
Car -1 -1 -10 515 180 549 206 1.5 1.8 4.2 -3.710 1.559 36.037 1.571 0.751
Car -1 -1 -10 674 178 737 220 1.5 1.8 4.2 2.624 1.594 26.493 1.571 0.640
Car -1 -1 -10 537 179 567 205 1.5 1.8 4.2 -2.719 1.484 35.408 1.571 0.554
