Car -1 -1 -10 446 181 504 211 1.5 1.8 4.2 -6.373 1.789 35.938 1.571 0.975
Car -1 -1 -10 724 173 740 187 1.5 1.8 4.2 10.178 1.183 62.446 1.571 0.942
Car -1 -1 -10 671 168 727 212 1.5 1.8 4.2 3.092 1.380 27.545 1.571 0.890
Car -1 -1 -10 1202 155 1236 171 1.5 1.8 4.2 45.710 -0.140 56.291 1.571 0.890
Car -1 -1 -10 1170 156 1202 174 1.5 1.8 4.2 40.146 0.080 52.429 1.571 0.829
Car -1 -1 -10 530 176 558 192 1.5 1.8 4.2 -4.636 1.335 52.439 1.571 0.736
Car -1 -1 -10 1039 155 1079 181 1.5 1.8 4.2 25.863 0.239 43.720 1.571 0.718
Car -1 -1 -10 1136 153 1172 179 1.5 1.8 4.2 34.551 0.073 47.972 1.571 0.641
Car -1 -1 -10 1103 154 1139 180 1.5 1.8 4.2 28.947 0.178 43.026 1.571 0.578
Car -1 -1 -10 3 165 441 371 1.5 1.8 4.2 -3.257 1.633 8.048 1.571 0.554
