Car -1 -1 -10 504 183 644 263 1.5 1.8 4.2 -0.694 1.601 14.918 1.571 0.996
Car -1 -1 -10 -2 216 100 376 1.5 1.8 4.2 -6.150 2.206 9.936 1.571 0.991
Car -1 -1 -10 402 180 468 216 1.5 1.8 4.2 -6.251 1.529 27.683 1.571 0.988
Car -1 -1 -10 1119 153 1241 237 1.5 1.8 4.2 9.616 1.088 14.341 1.571 0.978
Car -1 -1 -10 27 205 159 293 1.5 1.8 4.2 -8.185 1.889 13.446 1.571 0.972
Car -1 -1 -10 657 141 1101 361 1.5 1.8 4.2 3.228 2.297 10.911 1.571 0.954
Car -1 -1 -10 223 187 273 213 1.5 1.8 4.2 -18.471 2.044 38.836 1.571 0.950
Car -1 -1 -10 595 166 683 200 1.5 1.8 4.2 1.102 1.073 30.635 1.571 0.922
Car -1 -1 -10 309 183 327 193 1.5 1.8 4.2 -24.602 1.695 62.829 1.571 0.816
Car -1 -1 -10 271 185 291 199 1.5 1.8 4.2 -23.313 1.850 53.161 1.571 0.747
Car -1 -1 -10 261 182 285 208 1.5 1.8 4.2 -21.233 1.959 47.487 1.571 0.704
Car -1 -1 -10 385 176 409 192 1.5 1.8 4.2 -16.585 1.488 58.187 1.571 0.614
Car -1 -1 -10 560 173 596 187 1.5 1.8 4.2 -2.137 0.930 49.542 1.571 0.552
