Car -1 -1 -10 720 190 824 252 1.5 1.8 4.2 3.061 1.521 15.971 1.571 0.986
Car -1 -1 -10 1021 168 1247 240 1.5 1.8 4.2 10.615 1.367 16.790 1.571 0.985
Car -1 -1 -10 696 179 758 231 1.5 1.8 4.2 2.956 1.494 20.644 1.571 0.981
Car -1 -1 -10 924 173 1082 209 1.5 1.8 4.2 10.920 1.009 22.240 1.571 0.955
Car -1 -1 -10 482 182 540 216 1.5 1.8 4.2 -3.985 1.717 30.822 1.571 0.900
Car -1 -1 -10 551 180 569 206 1.5 1.8 4.2 -2.704 1.607 40.568 1.571 0.888
Car -1 -1 -10 603 182 623 190 1.5 1.8 4.2 0.214 1.378 60.113 1.571 0.866
Car -1 -1 -10 676 172 704 198 1.5 1.8 4.2 4.794 1.276 45.656 1.571 0.748
Car -1 -1 -10 520 182 546 208 1.5 1.8 4.2 -3.376 1.521 33.335 1.571 0.681
Car -1 -1 -10 538 183 560 209 1.5 1.8 4.2 -3.052 1.685 37.717 1.571 0.663
Car -1 -1 -10 637 178 647 184 1.5 1.8 4.2 2.578 0.907 60.815 1.571 0.607
