Car -1 -1 -10 588 173 650 211 1.5 1.8 4.2 0.284 1.399 28.569 1.571 0.958
Car -1 -1 -10 397 183 459 215 1.5 1.8 4.2 -7.504 1.727 31.673 1.571 0.948
Car -1 -1 -10 736 171 754 189 1.5 1.8 4.2 9.802 1.176 54.649 1.571 0.937
Car -1 -1 -10 1201 155 1237 171 1.5 1.8 4.2 45.264 -0.138 55.764 1.571 0.914
Car -1 -1 -10 1171 157 1201 173 1.5 1.8 4.2 41.225 0.010 53.780 1.571 0.842
Car -1 -1 -10 695 170 737 202 1.5 1.8 4.2 4.357 1.210 32.054 1.571 0.726
Car -1 -1 -10 1039 155 1079 181 1.5 1.8 4.2 26.416 0.185 44.609 1.571 0.713
Car -1 -1 -10 506 177 536 203 1.5 1.8 4.2 -5.232 1.526 44.223 1.571 0.622
Car -1 -1 -10 294 192 318 206 1.5 1.8 4.2 -24.327 2.649 59.777 1.571 0.614
Car -1 -1 -10 1136 153 1172 179 1.5 1.8 4.2 34.571 0.073 47.999 1.571 0.600
Car -1 -1 -10 685 174 699 188 1.5 1.8 4.2 6.276 1.164 57.576 1.571 0.590
