Car -1 -1 -10 591 179 643 213 1.5 1.8 4.2 0.264 1.759 33.718 1.571 0.978
Car -1 -1 -10 277 188 473 316 1.5 1.8 4.2 -2.962 1.769 11.021 1.571 0.964
Car -1 -1 -10 702 175 716 187 1.5 1.8 4.2 8.136 1.166 61.589 1.571 0.948
Car -1 -1 -10 689 176 701 188 1.5 1.8 4.2 6.181 1.106 54.824 1.571 0.852
Car -1 -1 -10 653 176 679 204 1.5 1.8 4.2 3.160 1.778 43.287 1.571 0.834
Car -1 -1 -10 666 177 703 201 1.5 1.8 4.2 3.899 1.678 45.117 1.571 0.784
Car -1 -1 -10 423 173 483 211 1.5 1.8 4.2 -5.866 1.414 28.846 1.571 0.698
Car -1 -1 -10 758 174 786 190 1.5 1.8 4.2 10.535 1.118 49.172 1.571 0.668
Car -1 -1 -10 608 176 656 208 1.5 1.8 4.2 1.568 1.663 36.245 1.571 0.646
Car -1 -1 -10 736 174 750 182 1.5 1.8 4.2 10.670 0.735 60.130 1.571 0.548
