Car -1 -1 -10 841 170 1105 322 1.5 1.8 4.2 3.347 1.399 8.869 1.571 0.999
Car -1 -1 -10 575 175 699 283 1.5 1.8 4.2 0.317 1.523 12.076 1.571 0.998
Car -1 -1 -10 -3 183 151 283 1.5 1.8 4.2 -9.936 2.030 15.403 1.571 0.986
Car -1 -1 -10 164 190 304 244 1.5 1.8 4.2 -9.873 1.858 20.949 1.571 0.973
Car -1 -1 -10 698 175 790 215 1.5 1.8 4.2 4.391 1.396 26.000 1.571 0.944
Car -1 -1 -10 282 177 348 209 1.5 1.8 4.2 -13.338 1.629 34.619 1.571 0.928
Car -1 -1 -10 463 176 503 196 1.5 1.8 4.2 -8.930 1.621 52.655 1.571 0.845
Car -1 -1 -10 408 179 460 207 1.5 1.8 4.2 -8.617 1.664 37.260 1.571 0.634
Car -1 -1 -10 680 175 704 201 1.5 1.8 4.2 3.851 1.241 36.352 1.571 0.630
Car -1 -1 -10 369 177 433 205 1.5 1.8 4.2 -4.604 0.700 17.813 1.571 0.501
