Car -1 -1 -10 230 202 372 282 1.5 1.8 4.2 -5.412 1.892 14.609 1.571 0.998
Car -1 -1 -10 371 192 465 242 1.5 1.8 4.2 -5.390 1.923 22.167 1.571 0.996
Car -1 -1 -10 1096 144 1236 246 1.5 1.8 4.2 7.719 1.023 12.189 1.571 0.994
Car -1 -1 -10 709 182 817 246 1.5 1.8 4.2 2.895 1.409 16.004 1.571 0.975
Car -1 -1 -10 928 147 1080 233 1.5 1.8 4.2 7.824 1.202 16.526 1.571 0.942
Car -1 -1 -10 642 175 674 203 1.5 1.8 4.2 2.461 1.570 39.689 1.571 0.808
Car -1 -1 -10 584 176 614 190 1.5 1.8 4.2 -0.904 1.366 59.604 1.571 0.786
Car -1 -1 -10 1 213 231 371 1.5 1.8 4.2 -5.220 2.070 9.640 1.571 0.771
Car -1 -1 -10 438 186 488 226 1.5 1.8 4.2 -5.790 2.077 30.300 1.571 0.736
Car -1 -1 -10 680 179 742 233 1.5 1.8 4.2 2.483 1.509 20.203 1.571 0.724
Car -1 -1 -10 1029 135 1179 223 1.5 1.8 4.2 8.223 0.840 14.191 1.571 0.701
Car -1 -1 -10 881 158 993 202 1.5 1.8 4.2 7.697 0.690 19.198 1.571 0.591
Car -1 -1 -10 483 184 523 210 1.5 1.8 4.2 -4.998 1.720 35.522 1.571 0.587
