Car -1 -1 -10 370 185 462 273 1.5 1.8 4.2 -3.678 1.870 15.578 1.571 0.996
Car -1 -1 -10 769 150 1077 334 1.5 1.8 4.2 2.805 1.474 8.701 1.571 0.995
Car -1 -1 -10 1042 291 1250 375 1.5 1.8 4.2 2.652 1.022 5.751 1.571 0.988
Car -1 -1 -10 146 175 386 377 1.5 1.8 4.2 -3.067 1.785 8.411 1.571 0.984
Car -1 -1 -10 473 176 519 216 1.5 1.8 4.2 -5.054 1.896 33.817 1.571 0.974
Car -1 -1 -10 1 178 189 380 1.5 1.8 4.2 -2.930 1.154 6.121 1.571 0.949
Car -1 -1 -10 498 176 540 204 1.5 1.8 4.2 -4.978 1.924 46.684 1.571 0.885
Car -1 -1 -10 525 175 552 193 1.5 1.8 4.2 -5.053 1.533 57.030 1.571 0.814
Car -1 -1 -10 526 174 544 194 1.5 1.8 4.2 -4.995 1.399 49.833 1.571 0.602
Car -1 -1 -10 599 174 621 188 1.5 1.8 4.2 -0.027 1.194 59.007 1.571 0.594
