Car -1 -1 -10 1020 185 1182 233 1.5 1.8 4.2 15.357 1.887 24.739 1.571 0.978
Car -1 -1 -10 187 203 263 233 1.5 1.8 4.2 -16.732 2.607 33.376 1.571 0.974
Car -1 -1 -10 568 180 670 282 1.5 1.8 4.2 0.090 1.754 13.695 1.571 0.963
Car -1 -1 -10 271 196 339 232 1.5 1.8 4.2 -13.346 2.579 33.571 1.571 0.957
Car -1 -1 -10 378 194 424 220 1.5 1.8 4.2 -10.606 2.333 38.577 1.571 0.784
Car -1 -1 -10 420 186 444 212 1.5 1.8 4.2 -11.079 2.118 46.870 1.571 0.712
Car -1 -1 -10 351 191 377 211 1.5 1.8 4.2 -16.250 2.514 49.664 1.571 0.701
Car -1 -1 -10 458 189 474 197 1.5 1.8 4.2 -13.527 2.264 69.775 1.571 0.646
Car -1 -1 -10 440 190 456 202 1.5 1.8 4.2 -13.466 2.418 61.965 1.571 0.575
Car -1 -1 -10 1237 193 1241 229 1.5 1.8 4.2 29.475 2.634 35.959 1.571 0.547
