Car -1 -1 -10 4 211 164 341 1.5 1.8 4.2 -6.306 1.997 10.672 1.571 0.994
Car -1 -1 -10 594 185 688 265 1.5 1.8 4.2 0.505 1.662 15.120 1.571 0.987
Car -1 -1 -10 323 188 411 226 1.5 1.8 4.2 -9.247 2.012 29.421 1.571 0.954
Car -1 -1 -10 474 183 522 213 1.5 1.8 4.2 -5.555 1.976 37.623 1.571 0.938
Car -1 -1 -10 726 179 852 241 1.5 1.8 4.2 4.304 1.658 19.655 1.571 0.937
Car -1 -1 -10 208 187 290 227 1.5 1.8 4.2 -13.491 2.016 28.974 1.571 0.904
Car -1 -1 -10 552 182 576 200 1.5 1.8 4.2 -3.486 2.040 56.324 1.571 0.894
Car -1 -1 -10 519 182 547 202 1.5 1.8 4.2 -5.942 2.238 57.513 1.571 0.840
Car -1 -1 -10 119 202 183 256 1.5 1.8 4.2 -9.638 1.736 17.167 1.571 0.728
Car -1 -1 -10 588 185 606 199 1.5 1.8 4.2 -1.077 2.112 60.389 1.571 0.641
Car -1 -1 -10 389 183 441 217 1.5 1.8 4.2 -9.168 2.066 35.869 1.571 0.629
Car -1 -1 -10 691 180 725 216 1.5 1.8 4.2 3.684 1.642 29.558 1.571 0.603
