Car -1 -1 -10 153 179 253 217 1.5 1.8 4.2 -14.535 1.571 27.786 1.571 0.999
Car -1 -1 -10 379 185 521 283 1.5 1.8 4.2 -2.391 1.607 12.630 1.571 0.997
Car -1 -1 -10 0 195 120 351 1.5 1.8 4.2 -5.404 1.731 9.113 1.571 0.995
Car -1 -1 -10 554 176 606 214 1.5 1.8 4.2 -1.096 1.439 27.332 1.571 0.995
Car -1 -1 -10 174 203 468 383 1.5 1.8 4.2 -2.194 1.552 7.430 1.571 0.994
Car -1 -1 -10 643 177 713 227 1.5 1.8 4.2 1.814 1.484 21.875 1.571 0.992
Car -1 -1 -10 289 177 385 215 1.5 1.8 4.2 -6.319 0.967 18.662 1.571 0.893
Car -1 -1 -10 615 178 639 204 1.5 1.8 4.2 0.760 1.420 36.103 1.571 0.814
Car -1 -1 -10 500 167 528 193 1.5 1.8 4.2 -5.640 1.000 44.214 1.571 0.614
Car -1 -1 -10 539 173 555 187 1.5 1.8 4.2 -4.969 1.109 58.695 1.571 0.553
Car -1 -1 -10 519 168 541 194 1.5 1.8 4.2 -5.232 1.114 48.987 1.571 0.548
Car -1 -1 -10 634 177 682 209 1.5 1.8 4.2 1.297 1.386 29.779 1.571 0.524
