Car -1 -1 -10 825 211 1259 369 1.5 1.8 4.2 2.433 1.131 6.263 1.571 0.997
Car -1 -1 -10 533 173 657 247 1.5 1.8 4.2 -0.362 1.527 16.965 1.571 0.997
Car -1 -1 -10 -2 189 324 367 1.5 1.8 4.2 -3.174 1.347 7.106 1.571 0.995
Car -1 -1 -10 806 180 932 290 1.5 1.8 4.2 3.334 1.533 11.545 1.571 0.989
Car -1 -1 -10 793 167 825 193 1.5 1.8 4.2 8.960 0.911 34.739 1.571 0.849
Car -1 -1 -10 647 172 679 206 1.5 1.8 4.2 2.058 1.315 30.725 1.571 0.840
Car -1 -1 -10 679 168 709 192 1.5 1.8 4.2 4.370 1.005 39.976 1.571 0.815
Car -1 -1 -10 907 162 967 196 1.5 1.8 4.2 8.608 0.613 21.205 1.571 0.734
Car -1 -1 -10 681 156 729 190 1.5 1.8 4.2 5.386 0.978 43.288 1.571 0.728
Car -1 -1 -10 1061 139 1177 199 1.5 1.8 4.2 14.349 0.739 22.512 1.571 0.698
Car -1 -1 -10 703 165 732 183 1.5 1.8 4.2 7.488 0.669 49.706 1.571 0.688
Car -1 -1 -10 389 184 421 196 1.5 1.8 4.2 -15.339 1.728 55.984 1.571 0.683
Car -1 -1 -10 505 169 531 195 1.5 1.8 4.2 -5.704 0.871 46.563 1.571 0.671
Car -1 -1 -10 936 150 1072 200 1.5 1.8 4.2 11.030 0.763 22.391 1.571 0.636
Car -1 -1 -10 246 184 270 196 1.5 1.8 4.2 -25.159 1.652 53.608 1.571 0.522
