Car -1 -1 -10 5 228 339 372 1.5 1.8 4.2 -2.557 1.135 6.214 1.571 0.996
Car -1 -1 -10 826 219 1232 367 1.5 1.8 4.2 2.070 0.987 5.768 1.571 0.995
Car -1 -1 -10 441 191 527 253 1.5 1.8 4.2 -2.709 1.689 17.308 1.571 0.994
Car -1 -1 -10 739 194 933 306 1.5 1.8 4.2 2.369 1.429 9.848 1.571 0.993
Car -1 -1 -10 511 178 559 220 1.5 1.8 4.2 -2.717 1.678 27.788 1.571 0.963
Car -1 -1 -10 687 175 783 255 1.5 1.8 4.2 2.230 1.501 15.286 1.571 0.949
Car -1 -1 -10 638 176 676 204 1.5 1.8 4.2 2.223 1.500 36.856 1.571 0.900
Car -1 -1 -10 621 175 635 187 1.5 1.8 4.2 1.397 1.119 59.187 1.571 0.836
Car -1 -1 -10 572 177 586 189 1.5 1.8 4.2 -2.380 1.224 56.831 1.571 0.754
Car -1 -1 -10 675 167 737 225 1.5 1.8 4.2 2.250 1.250 19.396 1.571 0.744
Car -1 -1 -10 560 182 576 196 1.5 1.8 4.2 -2.916 1.589 51.645 1.571 0.730
