Car -1 -1 -10 786 189 1098 343 1.5 1.8 4.2 2.940 1.536 8.615 1.571 0.999
Car -1 -1 -10 723 179 855 267 1.5 1.8 4.2 2.796 1.499 13.594 1.571 0.993
Car -1 -1 -10 680 182 740 228 1.5 1.8 4.2 2.978 1.669 23.937 1.571 0.988
Car -1 -1 -10 196 201 382 285 1.5 1.8 4.2 -5.397 1.866 14.109 1.571 0.987
Car -1 -1 -10 -3 226 165 362 1.5 1.8 4.2 -5.194 1.836 9.105 1.571 0.987
Car -1 -1 -10 1054 154 1244 268 1.5 1.8 4.2 6.977 1.241 11.515 1.571 0.933
Car -1 -1 -10 448 183 504 219 1.5 1.8 4.2 -5.040 1.719 28.991 1.571 0.875
Car -1 -1 -10 498 180 538 206 1.5 1.8 4.2 -5.101 1.714 41.808 1.571 0.874
Car -1 -1 -10 650 178 682 208 1.5 1.8 4.2 2.329 1.489 32.671 1.571 0.819
Car -1 -1 -10 365 188 445 254 1.5 1.8 4.2 -5.331 2.090 20.684 1.571 0.816
Car -1 -1 -10 555 173 595 193 1.5 1.8 4.2 -2.797 1.594 59.190 1.571 0.720
Car -1 -1 -10 19 181 131 217 1.5 1.8 4.2 -12.489 1.026 18.874 1.571 0.516
