Car -1 -1 -10 400 193 468 231 1.5 1.8 4.2 -5.850 1.917 25.886 1.571 0.980
Car -1 -1 -10 1 211 73 245 1.5 1.8 4.2 -23.200 2.915 31.258 1.571 0.896
Car -1 -1 -10 483 184 517 210 1.5 1.8 4.2 -5.467 1.832 37.693 1.571 0.864
Car -1 -1 -10 68 206 176 238 1.5 1.8 4.2 -19.450 2.590 30.792 1.571 0.853
Car -1 -1 -10 646 177 710 211 1.5 1.8 4.2 2.346 1.342 27.490 1.571 0.818
Car -1 -1 -10 158 204 240 238 1.5 1.8 4.2 -11.291 1.781 21.834 1.571 0.816
Car -1 -1 -10 445 191 493 223 1.5 1.8 4.2 -5.258 1.853 28.769 1.571 0.589
Car -1 -1 -10 1013 138 1117 178 1.5 1.8 4.2 22.063 0.250 37.152 1.571 0.587
Car -1 -1 -10 538 184 556 196 1.5 1.8 4.2 -4.975 1.817 58.760 1.571 0.569
Car -1 -1 -10 574 181 592 189 1.5 1.8 4.2 -2.252 1.331 61.600 1.571 0.503
