Car -1 -1 -10 433 181 589 279 1.5 1.8 4.2 -1.512 1.561 12.715 1.571 0.998
Car -1 -1 -10 59 186 387 306 1.5 1.8 4.2 -5.393 1.836 12.050 1.571 0.993
Car -1 -1 -10 1201 155 1237 171 1.5 1.8 4.2 42.197 -0.129 52.133 1.571 0.906
Car -1 -1 -10 671 171 695 195 1.5 1.8 4.2 4.780 1.328 49.669 1.571 0.905
Car -1 -1 -10 704 171 740 201 1.5 1.8 4.2 5.407 1.369 37.194 1.571 0.864
Car -1 -1 -10 1170 157 1202 175 1.5 1.8 4.2 40.488 0.151 52.857 1.571 0.830
Car -1 -1 -10 1039 157 1079 181 1.5 1.8 4.2 26.363 0.243 44.524 1.571 0.677
Car -1 -1 -10 1136 154 1172 178 1.5 1.8 4.2 33.455 0.070 46.519 1.571 0.650
Car -1 -1 -10 656 173 668 183 1.5 1.8 4.2 4.082 0.802 59.121 1.571 0.523
Car -1 -1 -10 1103 155 1141 179 1.5 1.8 4.2 29.178 0.122 43.272 1.571 0.511
