Car -1 -1 -10 601 176 719 256 1.5 1.8 4.2 0.823 1.459 14.767 1.571 0.993
Car -1 -1 -10 944 209 1230 375 1.5 1.8 4.2 3.237 1.396 7.086 1.571 0.991
Car -1 -1 -10 340 177 614 351 1.5 1.8 4.2 -1.264 1.614 8.640 1.571 0.983
Car -1 -1 -10 16 176 398 384 1.5 1.8 4.2 -2.170 1.105 5.878 1.571 0.975
Car -1 -1 -10 884 182 952 234 1.5 1.8 4.2 7.713 1.541 20.289 1.571 0.975
Car -1 -1 -10 862 172 886 190 1.5 1.8 4.2 19.502 1.268 55.481 1.571 0.939
Car -1 -1 -10 741 170 789 208 1.5 1.8 4.2 6.497 1.483 32.545 1.571 0.905
Car -1 -1 -10 804 170 820 184 1.5 1.8 4.2 15.788 0.872 58.594 1.571 0.797
Car -1 -1 -10 816 168 832 184 1.5 1.8 4.2 17.234 0.899 60.298 1.571 0.743
Car -1 -1 -10 771 173 801 193 1.5 1.8 4.2 9.966 1.101 41.543 1.571 0.675
