Car -1 -1 -10 138 199 340 287 1.5 1.8 4.2 -6.246 1.904 14.140 1.571 0.994
Car -1 -1 -10 775 174 959 270 1.5 1.8 4.2 4.059 1.555 13.651 1.571 0.989
Car -1 -1 -10 596 182 666 244 1.5 1.8 4.2 0.445 1.683 19.170 1.571 0.973
Car -1 -1 -10 68 183 208 241 1.5 1.8 4.2 -13.570 1.952 22.769 1.571 0.955
Car -1 -1 -10 700 184 790 228 1.5 1.8 4.2 3.998 1.653 23.729 1.571 0.950
Car -1 -1 -10 527 180 557 204 1.5 1.8 4.2 -4.612 1.962 50.688 1.571 0.910
Car -1 -1 -10 338 177 398 227 1.5 1.8 4.2 -9.150 2.037 29.244 1.571 0.906
Car -1 -1 -10 407 187 459 213 1.5 1.8 4.2 -8.982 2.028 38.552 1.571 0.894
Car -1 -1 -10 588 184 604 198 1.5 1.8 4.2 -1.101 1.927 57.401 1.571 0.840
Car -1 -1 -10 449 183 513 219 1.5 1.8 4.2 -5.116 1.814 30.465 1.571 0.794
Car -1 -1 -10 674 183 712 217 1.5 1.8 4.2 3.122 1.685 29.638 1.571 0.579
Car -1 -1 -10 271 179 325 203 1.5 1.8 4.2 -17.567 1.356 42.639 1.571 0.506
