Car -1 -1 -10 758 186 1012 324 1.5 1.8 4.2 2.555 1.436 8.957 1.571 0.999
Car -1 -1 -10 687 179 775 237 1.5 1.8 4.2 2.749 1.485 18.803 1.571 0.991
Car -1 -1 -10 869 218 1235 368 1.5 1.8 4.2 2.207 1.001 5.801 1.571 0.988
Car -1 -1 -10 3 196 153 254 1.5 1.8 4.2 -15.875 2.414 23.564 1.571 0.970
Car -1 -1 -10 178 190 310 244 1.5 1.8 4.2 -10.730 2.076 23.157 1.571 0.960
Car -1 -1 -10 663 178 691 206 1.5 1.8 4.2 3.278 1.641 37.839 1.571 0.941
Car -1 -1 -10 498 179 526 203 1.5 1.8 4.2 -5.891 1.622 45.211 1.571 0.880
Car -1 -1 -10 607 177 627 201 1.5 1.8 4.2 0.346 1.324 41.672 1.571 0.866
Car -1 -1 -10 638 179 650 189 1.5 1.8 4.2 2.509 1.205 55.972 1.571 0.630
Car -1 -1 -10 463 185 499 209 1.5 1.8 4.2 -6.074 1.643 35.841 1.571 0.564
Car -1 -1 -10 651 180 685 202 1.5 1.8 4.2 2.287 1.357 35.711 1.571 0.501
