Car -1 -1 -10 7 242 329 372 1.5 1.8 4.2 -2.247 0.985 5.670 1.571 0.998
Car -1 -1 -10 876 183 1238 379 1.5 1.8 4.2 2.260 1.069 5.844 1.571 0.993
Car -1 -1 -10 661 182 727 230 1.5 1.8 4.2 2.216 1.541 21.564 1.571 0.993
Car -1 -1 -10 569 179 627 223 1.5 1.8 4.2 -0.398 1.457 23.063 1.571 0.993
Car -1 -1 -10 209 200 459 348 1.5 1.8 4.2 -2.461 1.524 8.381 1.571 0.981
Car -1 -1 -10 522 179 568 213 1.5 1.8 4.2 -2.527 1.533 29.653 1.571 0.980
Car -1 -1 -10 452 176 504 210 1.5 1.8 4.2 -6.323 1.768 36.439 1.571 0.927
Car -1 -1 -10 363 176 469 236 1.5 1.8 4.2 -5.598 1.806 22.734 1.571 0.917
Car -1 -1 -10 32 186 186 238 1.5 1.8 4.2 -7.016 0.905 12.123 1.571 0.874
Car -1 -1 -10 492 179 526 203 1.5 1.8 4.2 -5.620 1.555 41.976 1.571 0.704
Car -1 -1 -10 630 172 652 196 1.5 1.8 4.2 2.037 1.545 50.267 1.571 0.573
