Car -1 -1 -10 802 167 988 257 1.5 1.8 4.2 4.753 1.419 14.271 1.571 0.999
Car -1 -1 -10 70 190 404 372 1.5 1.8 4.2 -3.626 1.905 9.002 1.571 0.997
Car -1 -1 -10 372 188 484 276 1.5 1.8 4.2 -3.282 1.829 14.895 1.571 0.995
Car -1 -1 -10 471 192 529 242 1.5 1.8 4.2 -2.978 1.840 21.303 1.571 0.989
Car -1 -1 -10 1 252 85 366 1.5 1.8 4.2 -3.533 1.183 6.520 1.571 0.973
Car -1 -1 -10 667 184 723 228 1.5 1.8 4.2 2.650 1.750 25.007 1.571 0.963
Car -1 -1 -10 509 187 545 227 1.5 1.8 4.2 -2.693 1.725 25.089 1.571 0.930
Car -1 -1 -10 717 173 777 209 1.5 1.8 4.2 5.628 1.496 31.972 1.571 0.915
Car -1 -1 -10 531 187 567 211 1.5 1.8 4.2 -2.495 1.835 36.813 1.571 0.748
Car -1 -1 -10 514 183 561 213 1.5 1.8 4.2 -2.745 1.778 34.068 1.571 0.687
