Car -1 -1 -10 882 148 1238 304 1.5 1.8 4.2 4.646 1.371 9.642 1.571 0.999
Car -1 -1 -10 348 179 446 249 1.5 1.8 4.2 -4.910 1.736 18.557 1.571 0.994
Car -1 -1 -10 433 175 537 253 1.5 1.8 4.2 -2.525 1.584 16.367 1.571 0.960
Car -1 -1 -10 814 146 960 192 1.5 1.8 4.2 9.319 0.647 26.498 1.571 0.940
Car -1 -1 -10 651 165 703 199 1.5 1.8 4.2 2.433 0.967 28.796 1.571 0.923
Car -1 -1 -10 565 166 589 178 1.5 1.8 4.2 -2.812 0.434 63.043 1.571 0.893
Car -1 -1 -10 518 170 540 194 1.5 1.8 4.2 -5.190 1.155 48.029 1.571 0.720
Car -1 -1 -10 964 140 1036 180 1.5 1.8 4.2 17.917 0.329 35.326 1.571 0.661
Car -1 -1 -10 620 168 644 192 1.5 1.8 4.2 1.433 1.075 50.169 1.571 0.643
Car -1 -1 -10 600 170 632 194 1.5 1.8 4.2 0.313 1.115 44.125 1.571 0.632
Car -1 -1 -10 632 169 656 193 1.5 1.8 4.2 2.251 1.218 50.554 1.571 0.616
