Car -1 -1 -10 1196 187 1240 351 1.5 1.8 4.2 5.105 1.513 8.228 1.571 0.979
Car -1 -1 -10 670 179 862 265 1.5 1.8 4.2 2.760 1.662 15.114 1.571 0.957
Car -1 -1 -10 899 139 1209 313 1.5 1.8 4.2 4.861 1.552 10.093 1.571 0.921
Car -1 -1 -10 586 185 692 245 1.5 1.8 4.2 0.603 1.630 18.405 1.571 0.886
Car -1 -1 -10 323 194 403 238 1.5 1.8 4.2 -7.185 1.882 22.944 1.571 0.831
Car -1 -1 -10 177 184 191 208 1.5 1.8 4.2 -25.357 1.673 44.988 1.571 0.735
Car -1 -1 -10 129 181 143 205 1.5 1.8 4.2 -28.787 1.586 45.867 1.571 0.622
Car -1 -1 -10 216 195 280 241 1.5 1.8 4.2 -11.723 2.198 25.371 1.571 0.545
Car -1 -1 -10 144 181 164 205 1.5 1.8 4.2 -31.617 2.019 52.078 1.571 0.534
Car -1 -1 -10 171 183 181 207 1.5 1.8 4.2 -23.968 1.497 41.885 1.571 0.522
