Car -1 -1 -10 566 178 624 224 1.5 1.8 4.2 -0.484 1.481 22.998 1.571 0.996
Car -1 -1 -10 14 215 402 371 1.5 1.8 4.2 -3.210 1.553 7.757 1.571 0.994
Car -1 -1 -10 817 181 1225 379 1.5 1.8 4.2 2.292 1.179 6.228 1.571 0.980
Car -1 -1 -10 309 199 463 321 1.5 1.8 4.2 -2.477 1.600 9.893 1.571 0.974
Car -1 -1 -10 522 178 564 210 1.5 1.8 4.2 -2.833 1.546 32.134 1.571 0.973
Car -1 -1 -10 652 180 716 228 1.5 1.8 4.2 2.111 1.609 23.161 1.571 0.923
Car -1 -1 -10 457 177 495 211 1.5 1.8 4.2 -6.652 1.882 37.701 1.571 0.827
Car -1 -1 -10 493 179 527 203 1.5 1.8 4.2 -5.948 1.664 44.753 1.571 0.767
Car -1 -1 -10 375 179 459 211 1.5 1.8 4.2 -6.183 1.212 25.035 1.571 0.649
Car -1 -1 -10 417 181 479 217 1.5 1.8 4.2 -5.196 1.402 25.027 1.571 0.623
Car -1 -1 -10 620 173 642 195 1.5 1.8 4.2 1.438 1.549 52.592 1.571 0.607
