Car -1 -1 -10 -2 166 152 368 1.5 1.8 4.2 -4.966 1.790 8.719 1.571 0.994
Car -1 -1 -10 727 177 817 213 1.5 1.8 4.2 5.684 1.420 27.625 1.571 0.992
Car -1 -1 -10 931 205 1237 375 1.5 1.8 4.2 2.282 0.998 5.665 1.571 0.986
Car -1 -1 -10 129 184 335 300 1.5 1.8 4.2 -4.750 1.578 11.058 1.571 0.973
Car -1 -1 -10 303 175 437 243 1.5 1.8 4.2 -5.815 1.684 19.427 1.571 0.911
Car -1 -1 -10 189 181 351 249 1.5 1.8 4.2 -5.221 1.156 13.061 1.571 0.824
Car -1 -1 -10 626 178 662 202 1.5 1.8 4.2 1.663 1.459 38.235 1.571 0.791
Car -1 -1 -10 344 163 478 225 1.5 1.8 4.2 -5.551 1.441 22.046 1.571 0.751
Car -1 -1 -10 409 166 485 220 1.5 1.8 4.2 -4.898 1.402 23.563 1.571 0.657
Car -1 -1 -10 495 171 533 195 1.5 1.8 4.2 -6.231 1.171 48.678 1.571 0.562
Car -1 -1 -10 478 174 510 204 1.5 1.8 4.2 -5.648 1.505 36.976 1.571 0.532
