Car -1 -1 -10 699 182 817 264 1.5 1.8 4.2 2.535 1.594 14.724 1.571 0.998
Car -1 -1 -10 5 237 315 365 1.5 1.8 4.2 -2.415 1.006 5.877 1.571 0.985
Car -1 -1 -10 655 180 695 218 1.5 1.8 4.2 2.273 1.611 27.845 1.571 0.969
Car -1 -1 -10 674 177 748 237 1.5 1.8 4.2 2.067 1.346 17.243 1.571 0.963
Car -1 -1 -10 828 168 1242 380 1.5 1.8 4.2 2.155 1.079 5.860 1.571 0.934
Car -1 -1 -10 313 192 393 224 1.5 1.8 4.2 -11.892 2.358 35.370 1.571 0.929
Car -1 -1 -10 598 178 622 202 1.5 1.8 4.2 -0.035 1.625 46.961 1.571 0.924
Car -1 -1 -10 639 182 653 196 1.5 1.8 4.2 2.526 1.643 53.338 1.571 0.805
Car -1 -1 -10 503 183 529 201 1.5 1.8 4.2 -6.558 1.954 52.195 1.571 0.545
Car -1 -1 -10 69 197 149 227 1.5 1.8 4.2 -20.874 2.251 32.099 1.571 0.539
