Car -1 -1 -10 794 176 1006 348 1.5 1.8 4.2 2.402 1.486 8.221 1.571 1.000
Car -1 -1 -10 622 184 778 284 1.5 1.8 4.2 1.201 1.552 12.177 1.571 0.999
Car -1 -1 -10 247 182 321 250 1.5 1.8 4.2 -7.855 1.846 19.371 1.571 0.988
Car -1 -1 -10 554 177 636 239 1.5 1.8 4.2 -0.401 1.539 18.891 1.571 0.981
Car -1 -1 -10 106 199 278 293 1.5 1.8 4.2 -7.000 1.996 14.088 1.571 0.971
Car -1 -1 -10 279 186 345 230 1.5 1.8 4.2 -9.149 1.851 25.470 1.571 0.965
Car -1 -1 -10 430 170 466 208 1.5 1.8 4.2 -7.687 1.658 36.153 1.571 0.904
Car -1 -1 -10 490 177 536 207 1.5 1.8 4.2 -5.499 1.664 37.266 1.571 0.727
Car -1 -1 -10 501 178 555 214 1.5 1.8 4.2 -4.379 1.802 33.705 1.571 0.661
Car -1 -1 -10 408 175 420 185 1.5 1.8 4.2 -18.396 1.138 69.744 1.571 0.647
Car -1 -1 -10 458 175 488 195 1.5 1.8 4.2 -9.148 1.553 52.699 1.571 0.575
Car -1 -1 -10 396 176 408 190 1.5 1.8 4.2 -17.839 1.468 63.899 1.571 0.523
