Car -1 -1 -10 794 204 1084 376 1.5 1.8 4.2 2.547 1.608 7.814 1.571 0.998
Car -1 -1 -10 131 181 345 279 1.5 1.8 4.2 -5.689 1.607 13.028 1.571 0.978
Car -1 -1 -10 425 182 507 214 1.5 1.8 4.2 -5.593 1.585 29.900 1.571 0.965
Car -1 -1 -10 -4 181 216 363 1.5 1.8 4.2 -4.672 1.740 8.705 1.571 0.964
Car -1 -1 -10 795 183 923 245 1.5 1.8 4.2 5.213 1.525 17.359 1.571 0.963
Car -1 -1 -10 2 283 58 375 1.5 1.8 4.2 -5.025 1.731 8.279 1.571 0.867
Car -1 -1 -10 287 170 451 248 1.5 1.8 4.2 -6.706 2.075 22.027 1.571 0.858
Car -1 -1 -10 718 174 874 228 1.5 1.8 4.2 5.924 1.770 25.267 1.571 0.674
Car -1 -1 -10 632 163 690 215 1.5 1.8 4.2 2.088 1.761 32.262 1.571 0.628
Car -1 -1 -10 520 182 546 198 1.5 1.8 4.2 -5.390 1.750 52.312 1.571 0.555
