Car -1 -1 -10 153 210 359 350 1.5 1.8 4.2 -3.930 1.938 9.994 1.571 0.995
Car -1 -1 -10 335 198 441 282 1.5 1.8 4.2 -3.847 1.864 14.426 1.571 0.971
Car -1 -1 -10 9 214 169 372 1.5 1.8 4.2 -3.957 1.490 7.498 1.571 0.942
Car -1 -1 -10 716 186 779 228 1.5 1.8 4.2 3.955 1.824 25.965 1.571 0.934
Car -1 -1 -10 537 187 579 213 1.5 1.8 4.2 -2.669 2.030 38.584 1.571 0.915
Car -1 -1 -10 742 180 838 254 1.5 1.8 4.2 3.704 1.694 17.162 1.571 0.882
Car -1 -1 -10 600 185 624 199 1.5 1.8 4.2 0.126 2.014 57.700 1.571 0.858
Car -1 -1 -10 692 183 724 215 1.5 1.8 4.2 4.220 1.833 33.486 1.571 0.805
Car -1 -1 -10 572 185 594 209 1.5 1.8 4.2 -1.621 1.945 44.438 1.571 0.699
Car -1 -1 -10 690 185 723 207 1.5 1.8 4.2 4.611 1.804 40.228 1.571 0.551
