Car -1 -1 -10 294 182 386 234 1.5 1.8 4.2 -7.425 1.670 21.807 1.571 0.998
Car -1 -1 -10 753 187 1191 377 1.5 1.8 4.2 2.327 1.346 6.857 1.571 0.997
Car -1 -1 -10 1 218 109 326 1.5 1.8 4.2 -6.935 1.898 11.042 1.571 0.986
Car -1 -1 -10 97 187 283 283 1.5 1.8 4.2 -7.503 1.953 14.897 1.571 0.983
Car -1 -1 -10 707 176 837 276 1.5 1.8 4.2 2.287 1.492 12.536 1.571 0.978
Car -1 -1 -10 650 170 702 206 1.5 1.8 4.2 2.387 1.222 28.699 1.571 0.947
Car -1 -1 -10 581 178 621 202 1.5 1.8 4.2 -0.437 1.233 33.712 1.571 0.911
Car -1 -1 -10 632 169 654 193 1.5 1.8 4.2 2.128 1.123 49.356 1.571 0.820
Car -1 -1 -10 621 173 639 187 1.5 1.8 4.2 1.471 1.061 56.228 1.571 0.648
Car -1 -1 -10 587 171 613 195 1.5 1.8 4.2 -0.485 0.890 34.004 1.571 0.545
