Car -1 -1 -10 257 188 347 236 1.5 1.8 4.2 -7.706 1.272 20.102 1.571 0.993
Car -1 -1 -10 91 196 285 290 1.5 1.8 4.2 -6.109 1.511 12.467 1.571 0.993
Car -1 -1 -10 543 182 619 240 1.5 1.8 4.2 -0.695 1.321 19.434 1.571 0.993
Car -1 -1 -10 2 238 58 362 1.5 1.8 4.2 -5.659 1.714 9.070 1.571 0.978
Car -1 -1 -10 444 184 500 230 1.5 1.8 4.2 -4.039 1.317 23.242 1.571 0.949
Car -1 -1 -10 1 171 91 261 1.5 1.8 4.2 -10.759 1.445 15.801 1.571 0.922
Car -1 -1 -10 507 181 529 199 1.5 1.8 4.2 -6.808 1.042 56.457 1.571 0.918
Car -1 -1 -10 342 184 398 216 1.5 1.8 4.2 -9.471 1.221 30.613 1.571 0.911
Car -1 -1 -10 388 184 412 208 1.5 1.8 4.2 -9.791 1.070 35.851 1.571 0.868
Car -1 -1 -10 222 172 292 216 1.5 1.8 4.2 -13.276 1.162 29.223 1.571 0.686
