Car -1 -1 -10 586 176 650 222 1.5 1.8 4.2 0.172 1.361 22.089 1.571 0.997
Car -1 -1 -10 430 186 542 260 1.5 1.8 4.2 -2.230 1.528 14.758 1.571 0.996
Car -1 -1 -10 65 188 303 328 1.5 1.8 4.2 -4.324 1.553 9.326 1.571 0.993
Car -1 -1 -10 694 179 760 245 1.5 1.8 4.2 2.083 1.317 15.279 1.571 0.993
Car -1 -1 -10 278 174 412 246 1.5 1.8 4.2 -5.595 1.529 17.189 1.571 0.991
Car -1 -1 -10 1 183 105 367 1.5 1.8 4.2 -3.924 1.347 7.107 1.571 0.989
Car -1 -1 -10 684 172 744 226 1.5 1.8 4.2 2.589 1.349 20.418 1.571 0.832
Car -1 -1 -10 737 161 939 299 1.5 1.8 4.2 2.541 1.437 10.321 1.571 0.728
Car -1 -1 -10 552 170 580 194 1.5 1.8 4.2 -3.000 1.359 50.769 1.571 0.689
Car -1 -1 -10 390 175 472 213 1.5 1.8 4.2 -5.698 1.267 24.875 1.571 0.663
