Car -1 -1 -10 1020 194 1222 352 1.5 1.8 4.2 4.653 1.651 8.752 1.571 0.995
Car -1 -1 -10 876 182 1118 314 1.5 1.8 4.2 4.792 1.768 11.140 1.571 0.995
Car -1 -1 -10 1158 218 1242 374 1.5 1.8 4.2 4.231 1.462 7.347 1.571 0.992
Car -1 -1 -10 1 170 217 334 1.5 1.8 4.2 -5.461 1.738 9.882 1.571 0.991
Car -1 -1 -10 630 180 686 222 1.5 1.8 4.2 1.612 1.699 27.041 1.571 0.987
Car -1 -1 -10 789 181 961 271 1.5 1.8 4.2 4.232 1.587 13.772 1.571 0.982
Car -1 -1 -10 315 180 451 208 1.5 1.8 4.2 -6.431 0.988 22.383 1.571 0.904
Car -1 -1 -10 402 182 462 214 1.5 1.8 4.2 -5.367 1.229 23.658 1.571 0.799
Car -1 -1 -10 613 177 639 201 1.5 1.8 4.2 0.736 1.318 37.137 1.571 0.762
Car -1 -1 -10 26 147 294 273 1.5 1.8 4.2 -5.386 1.186 10.645 1.571 0.719
Car -1 -1 -10 503 175 527 193 1.5 1.8 4.2 -6.873 1.451 54.071 1.571 0.709
Car -1 -1 -10 538 174 556 186 1.5 1.8 4.2 -5.318 1.104 62.725 1.571 0.686
Car -1 -1 -10 475 179 507 199 1.5 1.8 4.2 -5.421 1.256 36.756 1.571 0.533
Car -1 -1 -10 522 175 538 189 1.5 1.8 4.2 -6.498 1.306 60.465 1.571 0.521
Car -1 -1 -10 572 170 588 178 1.5 1.8 4.2 -2.696 0.458 66.389 1.571 0.509
