Car -1 -1 -10 -2 211 116 315 1.5 1.8 4.2 -6.758 1.722 10.844 1.571 0.958
Car -1 -1 -10 651 176 677 190 1.5 1.8 4.2 4.183 1.337 58.366 1.571 0.920
Car -1 -1 -10 271 182 391 238 1.5 1.8 4.2 -6.726 1.558 19.361 1.571 0.919
Car -1 -1 -10 -6 181 204 287 1.5 1.8 4.2 -7.401 1.640 12.471 1.571 0.916
Car -1 -1 -10 1137 150 1233 182 1.5 1.8 4.2 14.821 0.236 20.762 1.571 0.908
Car -1 -1 -10 467 181 503 205 1.5 1.8 4.2 -6.041 1.543 36.732 1.571 0.870
Car -1 -1 -10 604 177 626 187 1.5 1.8 4.2 0.389 1.172 61.915 1.571 0.810
Car -1 -1 -10 187 185 303 263 1.5 1.8 4.2 -6.603 1.617 15.045 1.571 0.794
Car -1 -1 -10 505 177 525 201 1.5 1.8 4.2 -5.955 1.505 47.067 1.571 0.590
Car -1 -1 -10 823 156 855 180 1.5 1.8 4.2 15.624 0.078 51.430 1.571 0.569
Car -1 -1 -10 484 179 510 203 1.5 1.8 4.2 -5.717 1.514 38.350 1.571 0.568
Car -1 -1 -10 522 180 538 190 1.5 1.8 4.2 -5.908 1.259 55.113 1.571 0.541
