Car -1 -1 -10 -1 192 187 336 1.5 1.8 4.2 -5.598 1.748 9.833 1.571 0.998
Car -1 -1 -10 935 225 1243 371 1.5 1.8 4.2 2.058 0.876 5.291 1.571 0.997
Car -1 -1 -10 137 215 445 375 1.5 1.8 4.2 -2.410 1.489 7.417 1.571 0.997
Car -1 -1 -10 559 183 621 233 1.5 1.8 4.2 -0.617 1.706 22.575 1.571 0.997
Car -1 -1 -10 342 190 488 292 1.5 1.8 4.2 -2.826 1.692 12.351 1.571 0.990
Car -1 -1 -10 732 206 1058 374 1.5 1.8 4.2 2.104 1.526 7.576 1.571 0.989
Car -1 -1 -10 192 186 282 224 1.5 1.8 4.2 -14.558 1.990 30.174 1.571 0.981
Car -1 -1 -10 408 188 515 258 1.5 1.8 4.2 -2.306 1.533 15.097 1.571 0.974
Car -1 -1 -10 494 183 526 207 1.5 1.8 4.2 -6.844 2.326 51.248 1.571 0.901
Car -1 -1 -10 526 181 562 207 1.5 1.8 4.2 -3.420 1.749 39.056 1.571 0.886
Car -1 -1 -10 694 183 820 281 1.5 1.8 4.2 2.319 1.747 13.755 1.571 0.867
Car -1 -1 -10 312 188 382 224 1.5 1.8 4.2 -6.369 1.228 19.431 1.571 0.733
Car -1 -1 -10 607 179 627 203 1.5 1.8 4.2 0.447 1.925 51.443 1.571 0.692
