Car -1 -1 -10 787 175 1213 385 1.5 1.8 4.2 2.487 1.385 6.811 1.571 0.999
Car -1 -1 -10 139 189 287 245 1.5 1.8 4.2 -11.184 2.023 22.336 1.571 0.994
Car -1 -1 -10 693 180 793 248 1.5 1.8 4.2 2.621 1.511 16.609 1.571 0.992
Car -1 -1 -10 661 178 693 206 1.5 1.8 4.2 3.049 1.529 35.382 1.571 0.933
Car -1 -1 -10 6 194 112 270 1.5 1.8 4.2 -15.480 2.720 22.306 1.571 0.858
Car -1 -1 -10 606 173 624 197 1.5 1.8 4.2 0.240 1.120 42.237 1.571 0.766
Car -1 -1 -10 447 188 491 212 1.5 1.8 4.2 -6.239 1.720 33.807 1.571 0.663
Car -1 -1 -10 494 179 522 203 1.5 1.8 4.2 -6.200 1.640 45.706 1.571 0.648
Car -1 -1 -10 29 210 115 252 1.5 1.8 4.2 -15.301 2.243 22.554 1.571 0.629
Car -1 -1 -10 1 194 49 286 1.5 1.8 4.2 -12.274 2.363 17.173 1.571 0.547
Car -1 -1 -10 639 179 651 189 1.5 1.8 4.2 2.482 1.159 53.888 1.571 0.526
