Car -1 -1 -10 417 182 483 250 1.5 1.8 4.2 -3.676 1.747 18.440 1.571 0.996
Car -1 -1 -10 328 191 436 275 1.5 1.8 4.2 -3.901 1.723 14.273 1.571 0.993
Car -1 -1 -10 32 189 344 361 1.5 1.8 4.2 -4.003 1.759 8.846 1.571 0.984
Car -1 -1 -10 -6 174 108 208 1.5 1.8 4.2 -16.295 1.021 23.069 1.571 0.932
Car -1 -1 -10 719 172 799 228 1.5 1.8 4.2 3.763 1.411 20.569 1.571 0.917
Car -1 -1 -10 550 178 590 202 1.5 1.8 4.2 -2.286 1.582 42.659 1.571 0.872
Car -1 -1 -10 607 176 625 188 1.5 1.8 4.2 0.449 1.201 59.324 1.571 0.849
Car -1 -1 -10 2 228 54 372 1.5 1.8 4.2 -9.589 3.262 13.920 1.571 0.762
Car -1 -1 -10 616 174 632 184 1.5 1.8 4.2 1.115 0.908 60.914 1.571 0.690
Car -1 -1 -10 698 175 744 205 1.5 1.8 4.2 4.409 1.445 34.539 1.571 0.667
Car -1 -1 -10 709 176 764 212 1.5 1.8 4.2 3.618 1.259 25.302 1.571 0.602
