Car -1 -1 -10 2 201 94 297 1.5 1.8 4.2 -9.687 2.127 14.467 1.571 0.991
Car -1 -1 -10 744 180 884 250 1.5 1.8 4.2 4.300 1.646 17.496 1.571 0.990
Car -1 -1 -10 598 184 674 250 1.5 1.8 4.2 0.512 1.675 17.766 1.571 0.986
Car -1 -1 -10 290 188 382 232 1.5 1.8 4.2 -9.648 2.072 27.383 1.571 0.976
Car -1 -1 -10 506 182 546 208 1.5 1.8 4.2 -4.697 1.949 42.122 1.571 0.933
Car -1 -1 -10 396 187 468 231 1.5 1.8 4.2 -6.081 1.971 26.558 1.571 0.885
Car -1 -1 -10 158 188 250 230 1.5 1.8 4.2 -13.694 1.920 26.352 1.571 0.796
Car -1 -1 -10 697 183 753 219 1.5 1.8 4.2 3.988 1.619 27.415 1.571 0.770
Car -1 -1 -10 565 184 587 200 1.5 1.8 4.2 -2.563 2.023 55.868 1.571 0.761
Car -1 -1 -10 366 183 432 231 1.5 1.8 4.2 -8.461 2.319 30.880 1.571 0.680
Car -1 -1 -10 704 185 757 219 1.5 1.8 4.2 4.927 1.738 29.283 1.571 0.652
Car -1 -1 -10 589 190 605 204 1.5 1.8 4.2 -1.073 2.506 60.153 1.571 0.531
