Car -1 -1 -10 305 191 431 257 1.5 1.8 4.2 -5.371 1.849 17.957 1.571 0.991
Car -1 -1 -10 -2 194 170 364 1.5 1.8 4.2 -5.114 1.837 9.035 1.571 0.990
Car -1 -1 -10 413 188 465 234 1.5 1.8 4.2 -5.128 1.816 23.531 1.571 0.978
Car -1 -1 -10 793 156 885 192 1.5 1.8 4.2 8.935 0.750 30.394 1.571 0.948
Car -1 -1 -10 464 183 511 213 1.5 1.8 4.2 -4.613 1.637 31.536 1.571 0.917
Car -1 -1 -10 516 180 540 204 1.5 1.8 4.2 -4.455 1.677 40.960 1.571 0.831
Car -1 -1 -10 1067 141 1139 171 1.5 1.8 4.2 22.680 -0.086 35.355 1.571 0.809
Car -1 -1 -10 508 181 532 207 1.5 1.8 4.2 -4.749 1.786 39.856 1.571 0.805
Car -1 -1 -10 1083 133 1237 181 1.5 1.8 4.2 21.553 0.320 30.434 1.571 0.784
Car -1 -1 -10 536 179 560 199 1.5 1.8 4.2 -4.385 1.836 52.763 1.571 0.619
Car -1 -1 -10 464 184 500 220 1.5 1.8 4.2 -4.741 1.729 28.567 1.571 0.572
