Car -1 -1 -10 683 177 779 253 1.5 1.8 4.2 2.282 1.547 16.029 1.571 0.998
Car -1 -1 -10 426 192 528 262 1.5 1.8 4.2 -2.652 1.742 16.198 1.571 0.998
Car -1 -1 -10 1095 210 1237 376 1.5 1.8 4.2 2.133 0.801 4.946 1.571 0.967
Car -1 -1 -10 533 181 569 207 1.5 1.8 4.2 -2.951 1.684 37.690 1.571 0.936
Car -1 -1 -10 659 179 726 223 1.5 1.8 4.2 1.852 1.402 22.276 1.571 0.931
Car -1 -1 -10 643 177 701 215 1.5 1.8 4.2 1.544 1.342 25.074 1.571 0.821
Car -1 -1 -10 584 178 600 190 1.5 1.8 4.2 -1.510 1.414 61.611 1.571 0.813
Car -1 -1 -10 609 176 623 186 1.5 1.8 4.2 0.452 1.050 59.740 1.571 0.704
Car -1 -1 -10 675 181 763 239 1.5 1.8 4.2 1.750 1.472 18.155 1.571 0.651
Car -1 -1 -10 638 176 683 206 1.5 1.8 4.2 1.754 1.608 37.103 1.571 0.604
Car -1 -1 -10 621 175 633 187 1.5 1.8 4.2 1.274 1.083 57.365 1.571 0.585
