Car -1 -1 -10 755 192 903 276 1.5 1.8 4.2 3.181 1.524 12.763 1.571 0.999
Car -1 -1 -10 722 183 798 243 1.5 1.8 4.2 3.208 1.525 17.785 1.571 0.994
Car -1 -1 -10 476 185 532 227 1.5 1.8 4.2 -3.795 1.914 27.614 1.571 0.980
Car -1 -1 -10 993 176 1187 222 1.5 1.8 4.2 10.966 1.128 18.662 1.571 0.977
Car -1 -1 -10 552 183 574 207 1.5 1.8 4.2 -2.392 1.708 38.201 1.571 0.966
Car -1 -1 -10 1135 176 1243 240 1.5 1.8 4.2 11.642 1.356 16.675 1.571 0.917
Car -1 -1 -10 605 183 627 193 1.5 1.8 4.2 0.461 1.636 60.689 1.571 0.802
Car -1 -1 -10 690 175 722 201 1.5 1.8 4.2 5.066 1.496 40.471 1.571 0.788
Car -1 -1 -10 519 183 551 215 1.5 1.8 4.2 -2.988 1.653 30.410 1.571 0.783
Car -1 -1 -10 640 181 652 187 1.5 1.8 4.2 2.946 1.168 61.667 1.571 0.621
Car -1 -1 -10 512 186 556 214 1.5 1.8 4.2 -2.730 1.700 31.911 1.571 0.600
