Car -1 -1 -10 3 218 241 370 1.5 1.8 4.2 -3.709 1.474 7.497 1.571 0.997
Car -1 -1 -10 233 194 435 306 1.5 1.8 4.2 -3.733 1.774 11.713 1.571 0.994
Car -1 -1 -10 415 185 491 257 1.5 1.8 4.2 -3.545 1.871 18.149 1.571 0.992
Car -1 -1 -10 468 182 524 232 1.5 1.8 4.2 -3.413 1.745 23.390 1.571 0.969
Car -1 -1 -10 1083 119 1241 225 1.5 1.8 4.2 9.514 0.904 14.608 1.571 0.967
Car -1 -1 -10 733 172 817 222 1.5 1.8 4.2 4.607 1.387 22.466 1.571 0.958
Car -1 -1 -10 648 178 686 212 1.5 1.8 4.2 2.323 1.625 32.064 1.571 0.853
Car -1 -1 -10 517 185 551 219 1.5 1.8 4.2 -2.899 1.732 29.186 1.571 0.835
Car -1 -1 -10 681 180 709 204 1.5 1.8 4.2 4.135 1.530 37.547 1.571 0.717
Car -1 -1 -10 515 181 563 213 1.5 1.8 4.2 -2.561 1.713 32.894 1.571 0.657
Car -1 -1 -10 530 177 572 205 1.5 1.8 4.2 -2.669 1.690 40.051 1.571 0.585
Car -1 -1 -10 698 170 732 190 1.5 1.8 4.2 7.364 1.207 52.915 1.571 0.561
Car -1 -1 -10 543 173 577 193 1.5 1.8 4.2 -4.082 1.634 60.628 1.571 0.515
