Car -1 -1 -10 724 196 890 320 1.5 1.8 4.2 2.276 1.743 10.646 1.571 0.997
Car -1 -1 -10 668 194 752 260 1.5 1.8 4.2 1.793 1.610 15.430 1.571 0.992
Car -1 -1 -10 856 236 1250 364 1.5 1.8 4.2 2.074 0.920 5.576 1.571 0.977
Car -1 -1 -10 361 185 517 291 1.5 1.8 4.2 -2.584 1.746 12.768 1.571 0.930
Car -1 -1 -10 597 185 625 201 1.5 1.8 4.2 0.051 2.204 58.620 1.571 0.835
Car -1 -1 -10 515 185 560 215 1.5 1.8 4.2 -3.053 2.047 37.158 1.571 0.729
Car -1 -1 -10 641 188 701 228 1.5 1.8 4.2 1.514 1.794 25.574 1.571 0.684
Car -1 -1 -10 659 187 729 237 1.5 1.8 4.2 1.642 1.294 16.659 1.571 0.646
Car -1 -1 -10 551 179 579 209 1.5 1.8 4.2 -2.354 1.859 39.214 1.571 0.609
Car -1 -1 -10 620 188 642 202 1.5 1.8 4.2 1.605 2.266 58.195 1.571 0.560
Car -1 -1 -10 468 193 537 239 1.5 1.8 4.2 -2.109 1.495 18.411 1.571 0.546
