Car -1 -1 -10 33 200 399 378 1.5 1.8 4.2 -3.141 1.517 7.756 1.571 0.998
Car -1 -1 -10 406 191 502 253 1.5 1.8 4.2 -3.408 1.480 17.794 1.571 0.980
Car -1 -1 -10 696 194 796 264 1.5 1.8 4.2 2.640 1.534 16.097 1.571 0.965
Car -1 -1 -10 534 184 556 208 1.5 1.8 4.2 -3.767 1.178 44.912 1.571 0.933
Car -1 -1 -10 650 188 690 218 1.5 1.8 4.2 2.429 1.301 30.623 1.571 0.926
Car -1 -1 -10 476 181 530 231 1.5 1.8 4.2 -3.438 1.483 25.384 1.571 0.924
Car -1 -1 -10 358 187 416 227 1.5 1.8 4.2 -7.687 1.447 26.990 1.571 0.866
Car -1 -1 -10 238 187 334 211 1.5 1.8 4.2 -7.165 0.526 17.995 1.571 0.701
Car -1 -1 -10 324 198 366 222 1.5 1.8 4.2 -10.104 1.294 29.629 1.571 0.688
Car -1 -1 -10 583 181 611 205 1.5 1.8 4.2 -0.692 1.097 46.431 1.571 0.542
Car -1 -1 -10 509 189 538 207 1.5 1.8 4.2 -3.691 1.024 35.888 1.571 0.539
