Car -1 -1 -10 765 190 1055 352 1.5 1.8 4.2 2.511 1.534 8.281 1.571 0.998
Car -1 -1 -10 51 208 351 372 1.5 1.8 4.2 -4.307 2.069 9.596 1.571 0.997
Car -1 -1 -10 327 187 439 287 1.5 1.8 4.2 -4.043 2.005 14.779 1.571 0.989
Car -1 -1 -10 390 190 491 256 1.5 1.8 4.2 -3.737 2.071 20.071 1.571 0.981
Car -1 -1 -10 698 188 788 256 1.5 1.8 4.2 2.666 1.700 16.853 1.571 0.979
Car -1 -1 -10 511 188 543 210 1.5 1.8 4.2 -6.166 2.746 55.448 1.571 0.944
Car -1 -1 -10 679 186 751 234 1.5 1.8 4.2 2.454 1.740 22.632 1.571 0.874
Car -1 -1 -10 585 184 609 200 1.5 1.8 4.2 -1.054 2.143 59.065 1.571 0.860
Car -1 -1 -10 1037 240 1235 372 1.5 1.8 4.2 5.884 2.249 10.250 1.571 0.859
Car -1 -1 -10 502 186 532 206 1.5 1.8 4.2 -7.542 2.678 60.411 1.571 0.729
