Car -1 -1 -10 884 164 1112 238 1.5 1.8 4.2 8.033 1.357 17.138 1.571 0.997
Car -1 -1 -10 284 195 384 261 1.5 1.8 4.2 -5.832 1.846 17.209 1.571 0.984
Car -1 -1 -10 -3 212 367 378 1.5 1.8 4.2 -3.513 1.655 7.924 1.571 0.975
Car -1 -1 -10 838 150 1018 230 1.5 1.8 4.2 7.416 1.342 19.044 1.571 0.960
Car -1 -1 -10 383 191 455 239 1.5 1.8 4.2 -6.002 2.062 24.593 1.571 0.938
Car -1 -1 -10 779 168 877 212 1.5 1.8 4.2 6.823 1.234 24.844 1.571 0.930
Car -1 -1 -10 663 181 731 231 1.5 1.8 4.2 2.366 1.614 22.135 1.571 0.857
Car -1 -1 -10 473 183 511 213 1.5 1.8 4.2 -5.687 1.920 36.621 1.571 0.727
Car -1 -1 -10 522 180 542 204 1.5 1.8 4.2 -5.172 1.788 49.633 1.571 0.701
Car -1 -1 -10 1170 131 1242 185 1.5 1.8 4.2 20.651 0.422 27.158 1.571 0.690
Car -1 -1 -10 507 183 523 207 1.5 1.8 4.2 -4.929 1.603 39.233 1.571 0.618
