Car -1 -1 -10 583 177 647 223 1.5 1.8 4.2 0.090 1.404 22.307 1.571 0.994
Car -1 -1 -10 483 175 565 237 1.5 1.8 4.2 -2.248 1.638 20.531 1.571 0.993
Car -1 -1 -10 325 185 435 249 1.5 1.8 4.2 -4.248 1.388 15.258 1.571 0.958
Car -1 -1 -10 671 177 744 225 1.5 1.8 4.2 1.971 1.301 20.110 1.571 0.950
Car -1 -1 -10 -3 189 115 283 1.5 1.8 4.2 -8.226 1.624 12.742 1.571 0.923
Car -1 -1 -10 169 185 377 277 1.5 1.8 4.2 -4.943 1.510 12.565 1.571 0.820
Car -1 -1 -10 706 176 815 248 1.5 1.8 4.2 2.225 1.451 16.033 1.571 0.806
Car -1 -1 -10 739 170 911 284 1.5 1.8 4.2 1.965 1.487 11.758 1.571 0.717
Car -1 -1 -10 396 178 464 220 1.5 1.8 4.2 -5.492 1.425 23.919 1.571 0.681
Car -1 -1 -10 566 174 590 192 1.5 1.8 4.2 -2.308 1.362 53.453 1.571 0.541
