Car -1 -1 -10 1003 152 1111 178 1.5 1.8 4.2 22.436 0.258 38.380 1.571 0.993
Car -1 -1 -10 733 165 865 215 1.5 1.8 4.2 5.790 1.302 24.390 1.571 0.990
Car -1 -1 -10 1164 142 1242 182 1.5 1.8 4.2 23.124 0.357 30.291 1.571 0.970
Car -1 -1 -10 498 177 544 213 1.5 1.8 4.2 -3.854 1.718 32.990 1.571 0.918
Car -1 -1 -10 664 169 694 193 1.5 1.8 4.2 3.591 0.954 40.055 1.571 0.896
Car -1 -1 -10 573 173 595 197 1.5 1.8 4.2 -1.616 1.224 45.959 1.571 0.889
Car -1 -1 -10 524 178 560 202 1.5 1.8 4.2 -3.188 1.556 40.619 1.571 0.886
Car -1 -1 -10 917 153 965 177 1.5 1.8 4.2 22.207 0.144 50.580 1.571 0.841
Car -1 -1 -10 968 152 1034 176 1.5 1.8 4.2 20.790 0.167 40.536 1.571 0.814
Car -1 -1 -10 633 175 657 189 1.5 1.8 4.2 2.589 1.208 56.075 1.571 0.759
Car -1 -1 -10 555 173 571 197 1.5 1.8 4.2 -3.201 1.290 50.739 1.571 0.714
Car -1 -1 -10 622 175 642 191 1.5 1.8 4.2 1.636 1.373 56.689 1.571 0.557
