Car -1 -1 -10 694 188 862 300 1.5 1.8 4.2 2.148 1.668 11.567 1.571 0.997
Car -1 -1 -10 160 185 254 229 1.5 1.8 4.2 -14.330 1.990 27.673 1.571 0.989
Car -1 -1 -10 1 186 95 368 1.5 1.8 4.2 -5.091 1.747 8.561 1.571 0.987
Car -1 -1 -10 655 184 709 242 1.5 1.8 4.2 1.657 1.641 19.229 1.571 0.985
Car -1 -1 -10 544 186 592 224 1.5 1.8 4.2 -1.540 1.819 27.762 1.571 0.972
Car -1 -1 -10 352 183 444 245 1.5 1.8 4.2 -5.511 1.858 20.683 1.571 0.920
Car -1 -1 -10 2 192 56 238 1.5 1.8 4.2 -15.135 1.691 20.833 1.571 0.854
Car -1 -1 -10 585 181 605 205 1.5 1.8 4.2 -0.733 1.436 35.362 1.571 0.850
Car -1 -1 -10 499 177 531 207 1.5 1.8 4.2 -4.577 1.630 36.549 1.571 0.645
Car -1 -1 -10 609 178 630 192 1.5 1.8 4.2 0.393 1.601 62.447 1.571 0.584
Car -1 -1 -10 290 191 374 239 1.5 1.8 4.2 -6.768 1.598 19.532 1.571 0.555
Car -1 -1 -10 431 184 501 234 1.5 1.8 4.2 -4.797 2.016 25.897 1.571 0.502
