Car -1 -1 -10 708 228 1188 364 1.5 1.8 4.2 1.836 1.072 6.147 1.571 0.999
Car -1 -1 -10 139 219 235 301 1.5 1.8 4.2 -7.690 2.313 15.125 1.571 0.993
Car -1 -1 -10 556 217 770 347 1.5 1.8 4.2 0.522 1.904 9.990 1.571 0.986
Car -1 -1 -10 498 210 604 288 1.5 1.8 4.2 -1.062 1.966 14.424 1.571 0.978
Car -1 -1 -10 -1 227 181 373 1.5 1.8 4.2 -5.289 2.013 9.359 1.571 0.977
Car -1 -1 -10 449 202 521 264 1.5 1.8 4.2 -3.026 2.168 19.268 1.571 0.937
Car -1 -1 -10 279 202 313 226 1.5 1.8 4.2 -16.820 2.840 40.661 1.571 0.901
Car -1 -1 -10 217 199 289 253 1.5 1.8 4.2 -11.314 2.529 24.869 1.571 0.801
Car -1 -1 -10 418 203 484 247 1.5 1.8 4.2 -4.417 1.871 20.309 1.571 0.795
Car -1 -1 -10 386 203 425 229 1.5 1.8 4.2 -10.275 2.697 36.767 1.571 0.698
Car -1 -1 -10 406 207 455 239 1.5 1.8 4.2 -7.179 2.444 28.768 1.571 0.677
Car -1 -1 -10 376 203 396 227 1.5 1.8 4.2 -13.138 3.050 44.301 1.571 0.606
Car -1 -1 -10 315 202 325 212 1.5 1.8 4.2 -23.976 3.233 61.690 1.571 0.585
