Car -1 -1 -10 275 197 407 261 1.5 1.8 4.2 -5.736 1.862 17.343 1.571 0.994
Car -1 -1 -10 419 173 661 297 1.5 1.8 4.2 -1.038 1.742 12.226 1.571 0.973
Car -1 -1 -10 132 194 214 228 1.5 1.8 4.2 -15.994 2.012 28.432 1.571 0.955
Car -1 -1 -10 742 184 840 232 1.5 1.8 4.2 4.426 1.463 19.949 1.571 0.950
Car -1 -1 -10 662 178 732 224 1.5 1.8 4.2 2.347 1.409 21.979 1.571 0.925
Car -1 -1 -10 93 191 129 207 1.5 1.8 4.2 -35.256 2.410 53.034 1.571 0.915
Car -1 -1 -10 358 180 440 214 1.5 1.8 4.2 -9.377 1.820 34.021 1.571 0.882
Car -1 -1 -10 809 173 971 225 1.5 1.8 4.2 7.782 1.458 22.283 1.571 0.853
Car -1 -1 -10 1 187 13 211 1.5 1.8 4.2 -40.597 2.095 50.639 1.571 0.746
Car -1 -1 -10 26 188 46 198 1.5 1.8 4.2 -45.762 2.003 59.590 1.571 0.534
Car -1 -1 -10 12 188 40 200 1.5 1.8 4.2 -44.847 2.083 57.474 1.571 0.530
