Car -1 -1 -10 333 190 429 238 1.5 1.8 4.2 -6.146 1.734 21.305 1.571 0.999
Car -1 -1 -10 846 155 1150 349 1.5 1.8 4.2 3.336 1.541 8.413 1.571 0.995
Car -1 -1 -10 1098 190 1242 368 1.5 1.8 4.2 2.711 0.965 5.670 1.571 0.984
Car -1 -1 -10 802 182 950 280 1.5 1.8 4.2 3.321 1.566 12.647 1.571 0.972
Car -1 -1 -10 747 175 859 255 1.5 1.8 4.2 3.574 1.544 15.661 1.571 0.968
Car -1 -1 -10 683 176 763 220 1.5 1.8 4.2 3.644 1.540 25.674 1.571 0.923
Car -1 -1 -10 586 175 636 215 1.5 1.8 4.2 -0.011 1.490 27.616 1.571 0.907
Car -1 -1 -10 431 178 475 202 1.5 1.8 4.2 -9.698 1.732 46.509 1.571 0.859
Car -1 -1 -10 655 176 693 202 1.5 1.8 4.2 2.909 1.344 35.370 1.571 0.855
Car -1 -1 -10 485 182 521 200 1.5 1.8 4.2 -7.887 1.993 55.084 1.571 0.796
Car -1 -1 -10 1102 165 1232 199 1.5 1.8 4.2 28.415 1.335 38.960 1.571 0.736
Car -1 -1 -10 555 173 575 185 1.5 1.8 4.2 -3.636 0.974 59.968 1.571 0.552
