Car -1 -1 -10 321 179 497 273 1.5 1.8 4.2 -3.029 1.481 12.772 1.571 0.999
Car -1 -1 -10 852 179 1250 379 1.5 1.8 4.2 2.813 1.342 6.799 1.571 0.999
Car -1 -1 -10 775 177 911 289 1.5 1.8 4.2 3.094 1.570 11.856 1.571 0.998
Car -1 -1 -10 602 173 690 223 1.5 1.8 4.2 0.991 1.449 22.949 1.571 0.997
Car -1 -1 -10 3 168 243 370 1.5 1.8 4.2 -3.461 1.377 7.140 1.571 0.957
Car -1 -1 -10 810 162 864 186 1.5 1.8 4.2 12.459 0.613 41.823 1.571 0.878
Car -1 -1 -10 685 169 711 195 1.5 1.8 4.2 3.971 1.010 35.006 1.571 0.863
Car -1 -1 -10 718 164 742 188 1.5 1.8 4.2 6.883 0.758 43.708 1.571 0.779
Car -1 -1 -10 1019 144 1087 186 1.5 1.8 4.2 15.475 0.460 27.381 1.571 0.779
Car -1 -1 -10 482 177 510 187 1.5 1.8 4.2 -8.701 1.076 56.991 1.571 0.629
Car -1 -1 -10 743 158 769 180 1.5 1.8 4.2 10.091 0.495 52.127 1.571 0.608
Car -1 -1 -10 719 158 769 186 1.5 1.8 4.2 8.457 0.833 47.821 1.571 0.579
