Car -1 -1 -10 1202 155 1236 171 1.5 1.8 4.2 43.764 -0.134 53.987 1.571 0.892
Car -1 -1 -10 698 173 714 187 1.5 1.8 4.2 7.436 1.100 58.202 1.571 0.887
Car -1 -1 -10 660 171 692 197 1.5 1.8 4.2 3.575 1.321 41.596 1.571 0.877
Car -1 -1 -10 466 181 506 205 1.5 1.8 4.2 -6.206 1.598 37.979 1.571 0.841
Car -1 -1 -10 728 168 756 192 1.5 1.8 4.2 7.441 0.971 42.975 1.571 0.827
Car -1 -1 -10 1170 157 1202 173 1.5 1.8 4.2 40.782 0.010 53.225 1.571 0.786
Car -1 -1 -10 1039 156 1079 180 1.5 1.8 4.2 26.224 0.184 44.301 1.571 0.720
Car -1 -1 -10 531 177 561 201 1.5 1.8 4.2 -4.425 1.657 51.629 1.571 0.705
Car -1 -1 -10 693 173 705 187 1.5 1.8 4.2 7.452 1.188 62.721 1.571 0.605
Car -1 -1 -10 289 183 377 229 1.5 1.8 4.2 -8.830 1.780 24.974 1.571 0.518
