Car -1 -1 -10 542 180 662 240 1.5 1.8 4.2 -0.235 1.538 18.628 1.571 0.972
Car -1 -1 -10 1201 151 1237 175 1.5 1.8 4.2 41.762 -0.128 51.617 1.571 0.915
Car -1 -1 -10 671 176 685 190 1.5 1.8 4.2 4.852 1.231 53.904 1.571 0.804
Car -1 -1 -10 1170 157 1202 175 1.5 1.8 4.2 42.097 0.157 54.872 1.571 0.788
Car -1 -1 -10 694 173 716 187 1.5 1.8 4.2 6.969 1.042 55.255 1.571 0.717
Car -1 -1 -10 521 181 547 201 1.5 1.8 4.2 -5.464 2.012 53.686 1.571 0.685
Car -1 -1 -10 689 174 707 186 1.5 1.8 4.2 6.711 1.006 57.355 1.571 0.674
Car -1 -1 -10 1040 156 1078 180 1.5 1.8 4.2 26.346 0.243 44.497 1.571 0.671
Car -1 -1 -10 650 177 670 201 1.5 1.8 4.2 2.278 1.213 35.576 1.571 0.607
Car -1 -1 -10 1103 153 1167 177 1.5 1.8 4.2 32.736 0.134 47.139 1.571 0.508
