Car -1 -1 -10 1147 167 1245 367 1.5 1.8 4.2 3.254 1.098 6.180 1.571 0.990
Car -1 -1 -10 578 172 666 242 1.5 1.8 4.2 0.206 1.492 17.675 1.571 0.980
Car -1 -1 -10 703 171 777 231 1.5 1.8 4.2 3.032 1.379 19.213 1.571 0.980
Car -1 -1 -10 1087 179 1191 219 1.5 1.8 4.2 20.112 1.758 29.593 1.571 0.958
Car -1 -1 -10 486 173 514 193 1.5 1.8 4.2 -8.672 1.583 58.804 1.571 0.910
Car -1 -1 -10 430 177 468 201 1.5 1.8 4.2 -9.412 1.522 44.116 1.571 0.822
Car -1 -1 -10 61 185 143 241 1.5 1.8 4.2 -10.847 1.448 17.431 1.571 0.760
Car -1 -1 -10 667 170 713 200 1.5 1.8 4.2 3.556 1.221 34.551 1.571 0.728
Car -1 -1 -10 338 175 397 213 1.5 1.8 4.2 -12.257 2.142 40.598 1.571 0.711
Car -1 -1 -10 649 175 671 193 1.5 1.8 4.2 3.580 1.454 54.193 1.571 0.617
