Car -1 -1 -10 383 186 479 250 1.5 1.8 4.2 -3.759 1.833 19.249 1.571 0.995
Car -1 -1 -10 7 172 371 378 1.5 1.8 4.2 -3.221 1.541 7.520 1.571 0.995
Car -1 -1 -10 823 184 1255 374 1.5 1.8 4.2 2.664 1.277 6.681 1.571 0.995
Car -1 -1 -10 720 165 928 283 1.5 1.8 4.2 2.823 1.482 11.808 1.571 0.969
Car -1 -1 -10 313 178 437 312 1.5 1.8 4.2 -3.145 1.829 11.584 1.571 0.963
Car -1 -1 -10 482 178 520 212 1.5 1.8 4.2 -5.384 1.919 37.471 1.571 0.962
Car -1 -1 -10 503 177 542 203 1.5 1.8 4.2 -5.326 2.020 50.445 1.571 0.923
Car -1 -1 -10 536 176 552 192 1.5 1.8 4.2 -5.294 1.528 59.679 1.571 0.658
Car -1 -1 -10 591 176 607 186 1.5 1.8 4.2 -0.923 1.071 60.903 1.571 0.529
Car -1 -1 -10 597 176 619 190 1.5 1.8 4.2 -0.182 1.318 57.572 1.571 0.514
Car -1 -1 -10 526 176 544 194 1.5 1.8 4.2 -5.482 1.537 54.545 1.571 0.502
