Car -1 -1 -10 0 198 186 296 1.5 1.8 4.2 -7.851 1.678 12.988 1.571 0.980
Car -1 -1 -10 569 182 601 206 1.5 1.8 4.2 -1.142 1.010 37.031 1.571 0.949
Car -1 -1 -10 167 204 401 290 1.5 1.8 4.2 -4.246 1.356 11.404 1.571 0.912
Car -1 -1 -10 483 184 525 212 1.5 1.8 4.2 -3.913 1.131 32.449 1.571 0.890
Car -1 -1 -10 507 184 536 202 1.5 1.8 4.2 -4.517 0.969 43.579 1.571 0.846
Car -1 -1 -10 169 179 269 233 1.5 1.8 4.2 -10.866 1.330 22.104 1.571 0.713
Car -1 -1 -10 369 187 421 223 1.5 1.8 4.2 -7.317 1.292 26.675 1.571 0.623
Car -1 -1 -10 298 182 400 214 1.5 1.8 4.2 -10.347 1.147 30.733 1.571 0.529
Car -1 -1 -10 111 199 167 225 1.5 1.8 4.2 -7.990 0.674 14.270 1.571 0.500
Car -1 -1 -10 541 185 560 197 1.5 1.8 4.2 -4.666 0.887 56.173 1.571 0.500
