Car -1 -1 -10 575 179 639 231 1.5 1.8 4.2 -0.136 1.671 22.839 1.571 0.995
Car -1 -1 -10 1 185 95 365 1.5 1.8 4.2 -4.120 1.388 7.313 1.571 0.989
Car -1 -1 -10 505 184 567 228 1.5 1.8 4.2 -2.364 1.725 24.679 1.571 0.989
Car -1 -1 -10 109 191 265 261 1.5 1.8 4.2 -8.732 1.808 16.903 1.571 0.983
Car -1 -1 -10 419 187 483 233 1.5 1.8 4.2 -4.053 1.514 20.262 1.571 0.941
Car -1 -1 -10 86 184 186 230 1.5 1.8 4.2 -14.533 1.746 24.149 1.571 0.935
Car -1 -1 -10 659 177 731 225 1.5 1.8 4.2 1.880 1.524 23.193 1.571 0.826
Car -1 -1 -10 300 182 442 248 1.5 1.8 4.2 -5.014 1.560 17.078 1.571 0.734
Car -1 -1 -10 479 181 519 205 1.5 1.8 4.2 -5.324 1.482 36.441 1.571 0.517
Car -1 -1 -10 432 184 490 214 1.5 1.8 4.2 -5.485 1.502 28.439 1.571 0.508
