Car -1 -1 -10 351 191 453 245 1.5 1.8 4.2 -5.275 1.812 20.220 1.571 0.985
Car -1 -1 -10 773 159 873 193 1.5 1.8 4.2 3.109 0.299 12.821 1.571 0.978
Car -1 -1 -10 433 183 487 227 1.5 1.8 4.2 -4.894 1.749 25.412 1.571 0.968
Car -1 -1 -10 517 180 541 204 1.5 1.8 4.2 -4.676 1.783 43.421 1.571 0.961
Car -1 -1 -10 2 192 268 364 1.5 1.8 4.2 -5.082 2.022 9.733 1.571 0.951
Car -1 -1 -10 885 184 1231 374 1.5 1.8 4.2 2.410 1.109 6.078 1.571 0.880
Car -1 -1 -10 499 183 523 209 1.5 1.8 4.2 -4.491 1.624 34.519 1.571 0.864
Car -1 -1 -10 467 182 514 212 1.5 1.8 4.2 -4.595 1.650 32.509 1.571 0.837
Car -1 -1 -10 1032 138 1218 190 1.5 1.8 4.2 20.908 0.697 31.455 1.571 0.735
Car -1 -1 -10 1006 147 1068 177 1.5 1.8 4.2 21.748 0.211 38.916 1.571 0.727
Car -1 -1 -10 467 184 501 218 1.5 1.8 4.2 -4.744 1.683 29.003 1.571 0.546
