Car -1 -1 -10 1148 190 1188 214 1.5 1.8 4.2 31.519 2.327 42.904 1.571 0.896
Car -1 -1 -10 562 188 592 216 1.5 1.8 4.2 -1.813 2.320 40.903 1.571 0.849
Car -1 -1 -10 1195 193 1245 217 1.5 1.8 4.2 35.534 2.516 44.174 1.571 0.790
Car -1 -1 -10 795 183 821 195 1.5 1.8 4.2 15.996 1.792 60.488 1.571 0.765
Car -1 -1 -10 1020 187 1056 211 1.5 1.8 4.2 19.856 1.541 35.644 1.571 0.747
Car -1 -1 -10 726 184 762 194 1.5 1.8 4.2 11.301 1.787 63.087 1.571 0.729
Car -1 -1 -10 9 202 31 226 1.5 1.8 4.2 -39.867 3.250 50.815 1.571 0.704
Car -1 -1 -10 1102 189 1148 213 1.5 1.8 4.2 26.430 2.063 39.185 1.571 0.677
Car -1 -1 -10 273 189 309 209 1.5 1.8 4.2 -23.791 2.692 55.847 1.571 0.559
Car -1 -1 -10 744 184 774 194 1.5 1.8 4.2 12.405 1.764 62.297 1.571 0.541
Car -1 -1 -10 842 180 872 204 1.5 1.8 4.2 14.893 1.580 45.710 1.571 0.535
Car -1 -1 -10 766 185 788 195 1.5 1.8 4.2 14.212 1.888 63.612 1.571 0.521
Car -1 -1 -10 36 197 66 221 1.5 1.8 4.2 -36.176 2.789 48.751 1.571 0.509
