Car -1 -1 -10 835 171 1021 287 1.5 1.8 4.2 3.615 1.318 10.431 1.571 0.998
Car -1 -1 -10 754 180 888 264 1.5 1.8 4.2 3.263 1.433 13.446 1.571 0.994
Car -1 -1 -10 971 174 1239 360 1.5 1.8 4.2 3.458 1.330 7.227 1.571 0.991
Car -1 -1 -10 0 177 42 293 1.5 1.8 4.2 -9.679 1.963 13.890 1.571 0.965
Car -1 -1 -10 713 174 817 238 1.5 1.8 4.2 3.224 1.377 17.352 1.571 0.946
Car -1 -1 -10 589 176 637 212 1.5 1.8 4.2 0.063 1.418 28.250 1.571 0.897
Car -1 -1 -10 691 179 729 219 1.5 1.8 4.2 2.630 1.237 21.440 1.571 0.855
Car -1 -1 -10 512 183 538 197 1.5 1.8 4.2 -6.273 1.773 55.098 1.571 0.740
Car -1 -1 -10 454 179 476 191 1.5 1.8 4.2 -11.699 1.460 60.182 1.571 0.673
Car -1 -1 -10 648 172 680 196 1.5 1.8 4.2 3.036 1.317 43.164 1.571 0.585
Car -1 -1 -10 678 177 726 209 1.5 1.8 4.2 2.576 1.171 25.473 1.571 0.529
