Car -1 -1 -10 816 183 1088 337 1.5 1.8 4.2 3.339 1.630 9.266 1.571 0.999
Car -1 -1 -10 381 186 501 262 1.5 1.8 4.2 -3.200 1.659 15.532 1.571 0.998
Car -1 -1 -10 719 178 795 238 1.5 1.8 4.2 3.654 1.642 20.286 1.571 0.991
Car -1 -1 -10 -4 237 162 375 1.5 1.8 4.2 -3.129 1.168 6.271 1.571 0.990
Car -1 -1 -10 760 185 886 271 1.5 1.8 4.2 3.566 1.668 14.365 1.571 0.983
Car -1 -1 -10 560 180 608 210 1.5 1.8 4.2 -1.124 1.542 32.065 1.571 0.914
Car -1 -1 -10 522 181 560 221 1.5 1.8 4.2 -2.517 1.724 27.934 1.571 0.890
Car -1 -1 -10 430 181 528 245 1.5 1.8 4.2 -2.816 1.847 20.572 1.571 0.888
Car -1 -1 -10 316 189 346 203 1.5 1.8 4.2 -21.968 2.370 58.842 1.571 0.804
Car -1 -1 -10 364 186 398 204 1.5 1.8 4.2 -18.021 2.447 58.795 1.571 0.799
Car -1 -1 -10 656 177 696 201 1.5 1.8 4.2 3.614 1.557 42.027 1.571 0.774
Car -1 -1 -10 796 169 826 185 1.5 1.8 4.2 15.344 0.929 57.282 1.571 0.773
Car -1 -1 -10 743 167 781 183 1.5 1.8 4.2 12.899 0.862 63.447 1.571 0.599
Car -1 -1 -10 710 180 768 218 1.5 1.8 4.2 3.906 1.525 26.482 1.571 0.564
