Car -1 -1 -10 -2 205 216 375 1.5 1.8 4.2 -2.912 1.146 6.191 1.571 0.998
Car -1 -1 -10 664 166 760 202 1.5 1.8 4.2 2.622 0.763 21.002 1.571 0.962
Car -1 -1 -10 493 179 529 203 1.5 1.8 4.2 -5.492 1.605 41.851 1.571 0.877
Car -1 -1 -10 619 170 643 194 1.5 1.8 4.2 1.386 1.158 50.831 1.571 0.862
Car -1 -1 -10 555 177 573 189 1.5 1.8 4.2 -3.750 1.307 60.503 1.571 0.852
Car -1 -1 -10 866 151 952 179 1.5 1.8 4.2 7.536 0.156 20.409 1.571 0.806
Car -1 -1 -10 603 176 617 188 1.5 1.8 4.2 -0.028 1.185 58.567 1.571 0.584
Car -1 -1 -10 830 159 862 177 1.5 1.8 4.2 17.326 0.305 55.164 1.571 0.578
Car -1 -1 -10 977 152 1009 178 1.5 1.8 4.2 22.859 0.307 45.232 1.571 0.568
Car -1 -1 -10 521 176 537 200 1.5 1.8 4.2 -5.186 1.408 47.994 1.571 0.565
Car -1 -1 -10 808 158 836 176 1.5 1.8 4.2 15.789 0.234 55.937 1.571 0.549
Car -1 -1 -10 573 177 587 187 1.5 1.8 4.2 -2.623 1.225 64.601 1.571 0.530
