Car -1 -1 -10 388 196 500 266 1.5 1.8 4.2 -3.234 1.784 15.922 1.571 0.995
Car -1 -1 -10 65 197 297 339 1.5 1.8 4.2 -5.246 2.009 10.828 1.571 0.994
Car -1 -1 -10 283 191 381 277 1.5 1.8 4.2 -5.344 1.982 15.832 1.571 0.985
Car -1 -1 -10 1118 147 1244 253 1.5 1.8 4.2 11.306 1.594 16.454 1.571 0.865
Car -1 -1 -10 481 170 541 232 1.5 1.8 4.2 -3.069 1.804 24.110 1.571 0.809
Car -1 -1 -10 378 187 444 229 1.5 1.8 4.2 -6.070 1.698 23.931 1.571 0.800
Car -1 -1 -10 516 184 552 208 1.5 1.8 4.2 -2.857 1.498 32.860 1.571 0.765
Car -1 -1 -10 616 181 640 205 1.5 1.8 4.2 0.969 1.741 42.447 1.571 0.731
Car -1 -1 -10 555 177 577 193 1.5 1.8 4.2 -3.833 1.744 64.557 1.571 0.729
Car -1 -1 -10 568 176 586 190 1.5 1.8 4.2 -2.855 1.470 63.988 1.571 0.538
