Car -1 -1 -10 579 191 649 229 1.5 1.8 4.2 0.078 1.774 24.903 1.571 0.993
Car -1 -1 -10 35 219 257 365 1.5 1.8 4.2 -5.164 2.114 10.041 1.571 0.981
Car -1 -1 -10 -1 248 89 374 1.5 1.8 4.2 -4.999 1.756 8.399 1.571 0.969
Car -1 -1 -10 402 192 456 220 1.5 1.8 4.2 -8.994 2.332 37.793 1.571 0.961
Car -1 -1 -10 715 203 935 329 1.5 1.8 4.2 2.219 1.653 9.740 1.571 0.948
Car -1 -1 -10 492 190 510 200 1.5 1.8 4.2 -8.924 2.216 61.001 1.571 0.925
Car -1 -1 -10 800 173 912 219 1.5 1.8 4.2 7.846 1.480 25.253 1.571 0.875
Car -1 -1 -10 451 188 473 212 1.5 1.8 4.2 -9.157 2.228 46.573 1.571 0.864
Car -1 -1 -10 1097 170 1241 246 1.5 1.8 4.2 9.966 1.311 15.034 1.571 0.784
Car -1 -1 -10 523 188 537 194 1.5 1.8 4.2 -6.554 1.725 60.977 1.571 0.770
Car -1 -1 -10 736 179 816 203 1.5 1.8 4.2 4.830 0.886 23.309 1.571 0.740
Car -1 -1 -10 566 181 588 205 1.5 1.8 4.2 -2.227 1.871 50.076 1.571 0.545
