Car -1 -1 -10 1150 155 1180 173 1.5 1.8 4.2 42.459 0.011 57.337 1.571 0.951
Car -1 -1 -10 646 174 700 206 1.5 1.8 4.2 2.653 1.419 32.985 1.571 0.944
Car -1 -1 -10 1008 156 1034 180 1.5 1.8 4.2 27.108 0.207 49.748 1.571 0.920
Car -1 -1 -10 1180 155 1222 171 1.5 1.8 4.2 43.184 -0.136 54.859 1.571 0.917
Car -1 -1 -10 1089 155 1121 179 1.5 1.8 4.2 32.362 0.206 49.322 1.571 0.874
Car -1 -1 -10 733 174 751 186 1.5 1.8 4.2 10.931 1.091 61.989 1.571 0.849
Car -1 -1 -10 1120 157 1150 173 1.5 1.8 4.2 38.194 0.010 54.633 1.571 0.832
Car -1 -1 -10 1036 156 1066 180 1.5 1.8 4.2 27.624 0.134 47.353 1.571 0.806
Car -1 -1 -10 -3 177 37 269 1.5 1.8 4.2 -12.250 1.977 16.940 1.571 0.793
Car -1 -1 -10 699 171 721 189 1.5 1.8 4.2 7.727 1.252 58.057 1.571 0.644
Car -1 -1 -10 1226 156 1240 168 1.5 1.8 4.2 44.517 -0.347 53.694 1.571 0.627
Car -1 -1 -10 894 161 918 173 1.5 1.8 4.2 23.181 0.011 58.673 1.571 0.529
