Car -1 -1 -10 913 168 1203 340 1.5 1.8 4.2 3.797 1.438 8.309 1.571 0.999
Car -1 -1 -10 783 181 949 279 1.5 1.8 4.2 3.250 1.371 11.418 1.571 0.999
Car -1 -1 -10 729 173 855 255 1.5 1.8 4.2 3.244 1.488 15.174 1.571 0.986
Car -1 -1 -10 1194 217 1242 367 1.5 1.8 4.2 3.038 0.989 5.776 1.571 0.948
Car -1 -1 -10 589 177 639 213 1.5 1.8 4.2 0.097 1.442 28.017 1.571 0.920
Car -1 -1 -10 696 176 756 224 1.5 1.8 4.2 2.694 1.210 19.179 1.571 0.845
Car -1 -1 -10 503 178 529 202 1.5 1.8 4.2 -6.374 1.696 50.779 1.571 0.832
Car -1 -1 -10 453 178 475 192 1.5 1.8 4.2 -11.718 1.533 59.879 1.571 0.694
Car -1 -1 -10 586 170 606 184 1.5 1.8 4.2 -1.277 0.998 66.757 1.571 0.677
Car -1 -1 -10 472 177 498 193 1.5 1.8 4.2 -10.110 1.625 60.302 1.571 0.651
Car -1 -1 -10 651 177 681 201 1.5 1.8 4.2 2.762 1.408 38.208 1.571 0.622
Car -1 -1 -10 689 179 725 217 1.5 1.8 4.2 2.597 1.204 21.789 1.571 0.611
Car -1 -1 -10 538 179 556 189 1.5 1.8 4.2 -4.522 1.151 53.534 1.571 0.540
