Car -1 -1 -10 814 194 920 264 1.5 1.8 4.2 4.663 1.673 15.344 1.571 0.994
Car -1 -1 -10 -6 248 184 358 1.5 1.8 4.2 -4.407 1.545 8.123 1.571 0.990
Car -1 -1 -10 5 194 221 320 1.5 1.8 4.2 -5.489 1.608 9.986 1.571 0.989
Car -1 -1 -10 875 199 981 281 1.5 1.8 4.2 4.668 1.606 12.818 1.571 0.982
Car -1 -1 -10 420 187 514 229 1.5 1.8 4.2 -5.596 2.179 30.110 1.571 0.965
Car -1 -1 -10 238 190 374 258 1.5 1.8 4.2 -4.937 1.367 13.686 1.571 0.941
Car -1 -1 -10 724 185 802 237 1.5 1.8 4.2 4.419 1.873 23.172 1.571 0.931
Car -1 -1 -10 898 235 1238 365 1.5 1.8 4.2 2.208 0.951 5.672 1.571 0.929
Car -1 -1 -10 747 188 833 246 1.5 1.8 4.2 4.994 2.049 22.320 1.571 0.889
Car -1 -1 -10 296 173 450 245 1.5 1.8 4.2 -5.666 1.709 19.193 1.571 0.870
Car -1 -1 -10 624 186 672 216 1.5 1.8 4.2 1.693 1.970 35.043 1.571 0.805
Car -1 -1 -10 167 199 325 285 1.5 1.8 4.2 -5.278 1.609 12.451 1.571 0.781
