Car -1 -1 -10 390 191 570 283 1.5 1.8 4.2 -1.941 1.597 12.562 1.571 0.999
Car -1 -1 -10 -6 195 194 269 1.5 1.8 4.2 -10.713 1.986 17.006 1.571 0.958
Car -1 -1 -10 364 185 438 217 1.5 1.8 4.2 -7.780 1.633 28.801 1.571 0.955
Car -1 -1 -10 1201 155 1237 171 1.5 1.8 4.2 44.478 -0.136 54.832 1.571 0.921
Car -1 -1 -10 1170 156 1202 174 1.5 1.8 4.2 40.016 0.079 52.267 1.571 0.872
Car -1 -1 -10 647 167 685 201 1.5 1.8 4.2 2.772 1.413 38.333 1.571 0.846
Car -1 -1 -10 663 170 691 196 1.5 1.8 4.2 3.294 1.152 38.008 1.571 0.779
Car -1 -1 -10 1039 156 1079 180 1.5 1.8 4.2 26.788 0.247 45.205 1.571 0.698
Car -1 -1 -10 718 163 756 197 1.5 1.8 4.2 6.408 1.226 38.734 1.571 0.696
Car -1 -1 -10 1136 154 1172 178 1.5 1.8 4.2 35.168 0.074 48.790 1.571 0.683
Car -1 -1 -10 1104 155 1140 179 1.5 1.8 4.2 29.914 0.184 44.308 1.571 0.609
Car -1 -1 -10 295 191 317 205 1.5 1.8 4.2 -23.789 2.512 58.497 1.571 0.552
