Car -1 -1 -10 798 181 1176 369 1.5 1.8 4.2 2.621 1.394 7.228 1.571 0.999
Car -1 -1 -10 747 190 857 278 1.5 1.8 4.2 2.837 1.584 12.969 1.571 0.989
Car -1 -1 -10 305 186 491 292 1.5 1.8 4.2 -3.025 1.668 12.205 1.571 0.988
Car -1 -1 -10 1100 159 1236 257 1.5 1.8 4.2 8.475 1.286 13.131 1.571 0.966
Car -1 -1 -10 513 181 573 221 1.5 1.8 4.2 -1.919 1.701 27.594 1.571 0.952
Car -1 -1 -10 129 212 149 222 1.5 1.8 4.2 -39.589 4.128 62.708 1.571 0.607
Car -1 -1 -10 181 204 201 228 1.5 1.8 4.2 -11.937 1.366 22.570 1.571 0.587
Car -1 -1 -10 202 210 238 220 1.5 1.8 4.2 -27.695 3.344 53.282 1.571 0.567
Car -1 -1 -10 432 169 540 255 1.5 1.8 4.2 -2.575 1.671 16.776 1.571 0.559
Car -1 -1 -10 725 170 765 194 1.5 1.8 4.2 7.587 1.025 42.852 1.571 0.558
