Car -1 -1 -10 762 167 964 237 1.5 1.8 4.2 5.238 1.341 17.189 1.571 0.999
Car -1 -1 -10 429 183 487 227 1.5 1.8 4.2 -5.119 1.806 26.173 1.571 0.996
Car -1 -1 -10 1069 149 1201 185 1.5 1.8 4.2 21.341 0.494 31.491 1.571 0.982
Car -1 -1 -10 520 175 566 213 1.5 1.8 4.2 -2.823 1.665 32.031 1.571 0.972
Car -1 -1 -10 474 180 524 212 1.5 1.8 4.2 -4.316 1.706 33.558 1.571 0.965
Car -1 -1 -10 762 155 852 195 1.5 1.8 4.2 8.630 0.975 33.864 1.571 0.939
Car -1 -1 -10 460 182 511 216 1.5 1.8 4.2 -4.395 1.675 30.122 1.571 0.884
Car -1 -1 -10 597 176 627 200 1.5 1.8 4.2 0.104 1.710 51.174 1.571 0.865
Car -1 -1 -10 644 173 682 197 1.5 1.8 4.2 2.514 1.164 36.884 1.571 0.783
Car -1 -1 -10 618 173 638 197 1.5 1.8 4.2 1.179 1.356 50.668 1.571 0.673
Car -1 -1 -10 1004 151 1072 181 1.5 1.8 4.2 19.303 0.368 34.712 1.571 0.527
