Car -1 -1 -10 12 183 290 343 1.5 1.8 4.2 -4.126 1.508 8.494 1.571 0.997
Car -1 -1 -10 583 185 641 227 1.5 1.8 4.2 0.010 1.608 23.533 1.571 0.995
Car -1 -1 -10 224 180 404 284 1.5 1.8 4.2 -3.827 1.415 11.291 1.571 0.995
Car -1 -1 -10 381 180 503 244 1.5 1.8 4.2 -3.902 1.630 18.633 1.571 0.981
Car -1 -1 -10 885 174 993 246 1.5 1.8 4.2 7.009 1.570 17.587 1.571 0.785
Car -1 -1 -10 -2 193 104 279 1.5 1.8 4.2 -7.322 1.379 11.478 1.571 0.716
Car -1 -1 -10 888 165 1246 373 1.5 1.8 4.2 3.214 1.433 7.268 1.571 0.694
Car -1 -1 -10 535 176 574 202 1.5 1.8 4.2 -2.663 1.628 42.399 1.571 0.680
Car -1 -1 -10 635 174 661 196 1.5 1.8 4.2 2.900 1.783 57.694 1.571 0.669
Car -1 -1 -10 450 183 510 231 1.5 1.8 4.2 -3.265 1.437 19.939 1.571 0.659
