Car -1 -1 -10 43 176 367 340 1.5 1.8 4.2 -3.484 1.414 8.204 1.571 0.997
Car -1 -1 -10 589 179 661 233 1.5 1.8 4.2 0.337 1.554 20.749 1.571 0.996
Car -1 -1 -10 811 197 1029 317 1.5 1.8 4.2 3.468 1.639 10.305 1.571 0.996
Car -1 -1 -10 -6 202 140 376 1.5 1.8 4.2 -3.192 1.172 6.263 1.571 0.992
Car -1 -1 -10 346 178 494 252 1.5 1.8 4.2 -3.533 1.449 15.310 1.571 0.983
Car -1 -1 -10 479 175 553 217 1.5 1.8 4.2 -3.266 1.511 26.807 1.571 0.969
Car -1 -1 -10 740 176 850 250 1.5 1.8 4.2 3.903 1.649 17.528 1.571 0.937
Car -1 -1 -10 27 168 193 228 1.5 1.8 4.2 -12.849 1.411 20.568 1.571 0.891
Car -1 -1 -10 684 173 738 209 1.5 1.8 4.2 4.058 1.468 31.406 1.571 0.808
Car -1 -1 -10 584 164 604 188 1.5 1.8 4.2 -1.126 0.762 51.416 1.571 0.658
