Car -1 -1 -10 300 189 370 235 1.5 1.8 4.2 -8.206 1.843 23.502 1.571 0.993
Car -1 -1 -10 204 191 308 255 1.5 1.8 4.2 -8.011 1.847 18.322 1.571 0.989
Car -1 -1 -10 459 180 515 214 1.5 1.8 4.2 -4.884 1.618 30.486 1.571 0.977
Car -1 -1 -10 355 180 421 220 1.5 1.8 4.2 -8.404 1.775 29.265 1.571 0.976
Car -1 -1 -10 11 202 237 292 1.5 1.8 4.2 -7.864 1.914 13.693 1.571 0.972
Car -1 -1 -10 631 166 659 190 1.5 1.8 4.2 2.145 1.068 47.040 1.571 0.923
Car -1 -1 -10 658 172 690 196 1.5 1.8 4.2 3.239 1.186 39.068 1.571 0.918
Car -1 -1 -10 1033 144 1209 174 1.5 1.8 4.2 12.070 0.027 19.216 1.571 0.903
Car -1 -1 -10 682 167 704 191 1.5 1.8 4.2 5.594 1.094 51.008 1.571 0.699
Car -1 -1 -10 1202 135 1242 159 1.5 1.8 4.2 27.138 -0.616 34.145 1.571 0.614
