Car -1 -1 -10 95 183 259 259 1.5 1.8 4.2 -9.655 1.910 18.101 1.571 0.996
Car -1 -1 -10 0 200 108 280 1.5 1.8 4.2 -9.766 1.871 14.702 1.571 0.995
Car -1 -1 -10 760 174 922 258 1.5 1.8 4.2 3.989 1.490 14.731 1.571 0.993
Car -1 -1 -10 694 178 754 224 1.5 1.8 4.2 3.058 1.394 21.773 1.571 0.961
Car -1 -1 -10 731 178 791 238 1.5 1.8 4.2 3.383 1.482 18.513 1.571 0.955
Car -1 -1 -10 589 175 637 215 1.5 1.8 4.2 0.065 1.555 28.731 1.571 0.933
Car -1 -1 -10 674 177 712 215 1.5 1.8 4.2 2.470 1.279 23.998 1.571 0.798
Car -1 -1 -10 471 178 493 192 1.5 1.8 4.2 -10.647 1.588 61.973 1.571 0.661
Car -1 -1 -10 645 176 673 202 1.5 1.8 4.2 3.266 1.962 50.671 1.571 0.608
Car -1 -1 -10 488 178 512 192 1.5 1.8 4.2 -8.944 1.552 60.595 1.571 0.540
