Car -1 -1 -10 4 197 162 269 1.5 1.8 4.2 -10.777 1.956 16.782 1.571 0.992
Car -1 -1 -10 1201 155 1237 171 1.5 1.8 4.2 44.262 -0.135 54.577 1.571 0.917
Car -1 -1 -10 303 183 409 227 1.5 1.8 4.2 -8.458 1.793 25.992 1.571 0.902
Car -1 -1 -10 734 168 756 186 1.5 1.8 4.2 10.200 0.996 56.770 1.571 0.880
Car -1 -1 -10 1171 153 1201 177 1.5 1.8 4.2 38.981 0.077 50.970 1.571 0.870
Car -1 -1 -10 701 171 739 201 1.5 1.8 4.2 4.886 1.261 34.427 1.571 0.793
Car -1 -1 -10 1040 156 1078 180 1.5 1.8 4.2 25.250 0.177 42.737 1.571 0.734
Car -1 -1 -10 1136 154 1172 178 1.5 1.8 4.2 35.033 0.074 48.612 1.571 0.723
Car -1 -1 -10 456 172 512 208 1.5 1.8 4.2 -6.278 1.740 37.819 1.571 0.692
Car -1 -1 -10 1103 155 1141 179 1.5 1.8 4.2 29.153 0.179 43.236 1.571 0.665
Car -1 -1 -10 523 170 559 194 1.5 1.8 4.2 -4.605 1.401 49.913 1.571 0.651
