Car -1 -1 -10 780 169 970 239 1.5 1.8 4.2 6.423 1.616 19.728 1.571 0.992
Car -1 -1 -10 956 177 1084 217 1.5 1.8 4.2 14.749 1.593 28.137 1.571 0.989
Car -1 -1 -10 524 178 738 370 1.5 1.8 4.2 0.102 1.505 7.610 1.571 0.973
Car -1 -1 -10 0 199 58 255 1.5 1.8 4.2 -17.335 2.444 23.568 1.571 0.970
Car -1 -1 -10 9 195 135 241 1.5 1.8 4.2 -18.415 2.326 26.734 1.571 0.958
Car -1 -1 -10 1153 168 1243 210 1.5 1.8 4.2 28.553 1.806 37.188 1.571 0.908
Car -1 -1 -10 335 189 365 207 1.5 1.8 4.2 -18.056 2.367 52.120 1.571 0.881
Car -1 -1 -10 380 180 414 204 1.5 1.8 4.2 -13.304 1.878 47.050 1.571 0.841
Car -1 -1 -10 418 179 458 203 1.5 1.8 4.2 -11.409 1.861 49.823 1.571 0.830
Car -1 -1 -10 458 178 474 190 1.5 1.8 4.2 -11.280 1.339 58.480 1.571 0.577
