Car -1 -1 -10 361 183 429 217 1.5 1.8 4.2 -7.949 1.623 28.624 1.571 0.988
Car -1 -1 -10 574 170 682 238 1.5 1.8 4.2 0.356 1.476 18.449 1.571 0.985
Car -1 -1 -10 729 172 751 186 1.5 1.8 4.2 10.171 1.031 58.706 1.571 0.933
Car -1 -1 -10 488 180 530 204 1.5 1.8 4.2 -5.408 1.602 40.460 1.571 0.920
Car -1 -1 -10 -2 196 38 272 1.5 1.8 4.2 -11.559 1.927 16.123 1.571 0.903
Car -1 -1 -10 1201 155 1237 171 1.5 1.8 4.2 43.932 -0.134 54.186 1.571 0.902
Car -1 -1 -10 699 173 719 187 1.5 1.8 4.2 7.898 1.132 59.859 1.571 0.878
Car -1 -1 -10 1170 153 1202 177 1.5 1.8 4.2 39.634 0.079 51.788 1.571 0.838
Car -1 -1 -10 535 180 563 196 1.5 1.8 4.2 -4.632 1.746 56.546 1.571 0.777
Car -1 -1 -10 671 177 687 189 1.5 1.8 4.2 5.323 1.252 58.060 1.571 0.752
Car -1 -1 -10 1039 156 1079 180 1.5 1.8 4.2 25.905 0.181 43.788 1.571 0.717
Car -1 -1 -10 1136 154 1172 178 1.5 1.8 4.2 34.654 0.073 48.109 1.571 0.625
Car -1 -1 -10 689 174 707 188 1.5 1.8 4.2 6.567 1.135 56.183 1.571 0.593
Car -1 -1 -10 295 192 317 206 1.5 1.8 4.2 -24.296 2.646 59.702 1.571 0.549
Car -1 -1 -10 1104 155 1140 179 1.5 1.8 4.2 29.375 0.123 43.549 1.571 0.518
