Car -1 -1 -10 142 189 278 245 1.5 1.8 4.2 -10.219 1.834 20.442 1.571 0.991
Car -1 -1 -10 378 180 526 246 1.5 1.8 4.2 -3.543 1.616 18.041 1.571 0.969
Car -1 -1 -10 1201 151 1237 175 1.5 1.8 4.2 41.672 -0.127 51.511 1.571 0.918
Car -1 -1 -10 687 169 711 193 1.5 1.8 4.2 5.758 1.115 49.050 1.571 0.911
Car -1 -1 -10 1170 157 1202 175 1.5 1.8 4.2 41.381 0.154 53.975 1.571 0.837
Car -1 -1 -10 1103 155 1141 179 1.5 1.8 4.2 30.001 0.184 44.430 1.571 0.730
Car -1 -1 -10 1039 156 1079 180 1.5 1.8 4.2 26.171 0.242 44.215 1.571 0.726
Car -1 -1 -10 1137 154 1173 178 1.5 1.8 4.2 36.575 0.077 50.566 1.571 0.722
Car -1 -1 -10 663 173 687 197 1.5 1.8 4.2 3.331 1.200 39.510 1.571 0.700
Car -1 -1 -10 482 171 506 195 1.5 1.8 4.2 -7.339 1.205 47.534 1.571 0.585
