Car -1 -1 -10 235 186 479 342 1.5 1.8 4.2 -2.447 1.597 8.913 1.571 0.999
Car -1 -1 -10 520 176 578 218 1.5 1.8 4.2 -2.218 1.607 27.784 1.571 0.977
Car -1 -1 -10 550 180 591 206 1.5 1.8 4.2 -1.231 1.356 31.631 1.571 0.960
Car -1 -1 -10 693 187 783 255 1.5 1.8 4.2 2.464 1.616 16.293 1.571 0.913
Car -1 -1 -10 341 169 473 221 1.5 1.8 4.2 -5.852 1.376 22.725 1.571 0.871
Car -1 -1 -10 592 175 606 189 1.5 1.8 4.2 -0.865 1.228 56.969 1.571 0.838
Car -1 -1 -10 651 172 675 196 1.5 1.8 4.2 3.640 1.534 52.081 1.571 0.801
Car -1 -1 -10 605 172 619 186 1.5 1.8 4.2 0.134 1.056 60.058 1.571 0.790
Car -1 -1 -10 684 188 757 236 1.5 1.8 4.2 2.147 1.559 19.922 1.571 0.640
Car -1 -1 -10 620 173 628 183 1.5 1.8 4.2 1.054 0.784 57.861 1.571 0.565
Car -1 -1 -10 0 231 82 369 1.5 1.8 4.2 -5.247 1.789 8.680 1.571 0.549
