Car -1 -1 -10 421 186 489 228 1.5 1.8 4.2 -4.881 1.719 24.597 1.571 0.992
Car -1 -1 -10 0 202 122 318 1.5 1.8 4.2 -7.665 2.011 12.101 1.571 0.992
Car -1 -1 -10 331 186 397 226 1.5 1.8 4.2 -8.655 1.859 27.348 1.571 0.992
Car -1 -1 -10 100 193 260 275 1.5 1.8 4.2 -8.091 1.909 15.586 1.571 0.991
Car -1 -1 -10 240 192 340 244 1.5 1.8 4.2 -8.477 1.873 21.099 1.571 0.985
Car -1 -1 -10 1127 139 1237 177 1.5 1.8 4.2 11.363 0.082 16.501 1.571 0.943
Car -1 -1 -10 629 167 659 191 1.5 1.8 4.2 1.850 1.007 42.151 1.571 0.855
Car -1 -1 -10 659 172 695 196 1.5 1.8 4.2 3.486 1.218 40.063 1.571 0.846
Car -1 -1 -10 1066 142 1136 170 1.5 1.8 4.2 17.967 -0.105 28.571 1.571 0.703
Car -1 -1 -10 46 194 138 224 1.5 1.8 4.2 -10.664 1.047 16.880 1.571 0.653
Car -1 -1 -10 944 148 970 172 1.5 1.8 4.2 16.564 -0.233 36.627 1.571 0.639
