Car -1 -1 -10 797 196 1147 356 1.5 1.8 4.2 2.926 1.510 8.049 1.571 0.996
Car -1 -1 -10 747 186 869 272 1.5 1.8 4.2 2.982 1.521 13.169 1.571 0.995
Car -1 -1 -10 -6 196 298 366 1.5 1.8 4.2 -4.223 1.733 8.576 1.571 0.994
Car -1 -1 -10 722 182 792 240 1.5 1.8 4.2 3.242 1.504 18.267 1.571 0.983
Car -1 -1 -10 468 178 530 218 1.5 1.8 4.2 -4.108 1.652 28.502 1.571 0.972
Car -1 -1 -10 1094 274 1240 374 1.5 1.8 4.2 2.789 1.029 5.791 1.571 0.911
Car -1 -1 -10 278 194 412 282 1.5 1.8 4.2 -4.202 1.708 13.392 1.571 0.889
Car -1 -1 -10 692 181 732 221 1.5 1.8 4.2 3.214 1.540 25.178 1.571 0.830
Car -1 -1 -10 498 182 539 208 1.5 1.8 4.2 -3.362 1.422 31.293 1.571 0.722
Car -1 -1 -10 631 174 661 192 1.5 1.8 4.2 2.695 1.448 56.696 1.571 0.621
Car -1 -1 -10 1202 181 1242 235 1.5 1.8 4.2 21.572 2.195 27.588 1.571 0.571
Car -1 -1 -10 995 184 1077 212 1.5 1.8 4.2 9.465 0.874 18.219 1.571 0.524
