Car -1 -1 -10 682 192 782 256 1.5 1.8 4.2 2.464 1.715 16.986 1.571 0.992
Car -1 -1 -10 353 207 505 305 1.5 1.8 4.2 -2.591 1.851 12.207 1.571 0.965
Car -1 -1 -10 516 190 558 230 1.5 1.8 4.2 -2.705 2.081 28.377 1.571 0.955
Car -1 -1 -10 445 193 517 255 1.5 1.8 4.2 -2.201 1.367 14.106 1.571 0.944
Car -1 -1 -10 659 186 728 232 1.5 1.8 4.2 2.088 1.886 25.107 1.571 0.904
Car -1 -1 -10 554 189 574 213 1.5 1.8 4.2 -2.145 1.744 35.093 1.571 0.903
Car -1 -1 -10 622 184 638 200 1.5 1.8 4.2 1.500 2.074 57.233 1.571 0.865
Car -1 -1 -10 633 185 664 205 1.5 1.8 4.2 2.097 2.139 50.126 1.571 0.862
Car -1 -1 -10 575 189 585 201 1.5 1.8 4.2 -2.279 2.110 56.211 1.571 0.822
Car -1 -1 -10 649 180 713 222 1.5 1.8 4.2 1.967 1.767 28.041 1.571 0.650
Car -1 -1 -10 676 191 749 239 1.5 1.8 4.2 2.127 1.756 21.263 1.571 0.585
Car -1 -1 -10 591 188 597 194 1.5 1.8 4.2 -1.493 1.944 68.457 1.571 0.551
