Car -1 -1 -10 0 181 136 299 1.5 1.8 4.2 -7.610 1.758 12.156 1.571 0.993
Car -1 -1 -10 111 179 251 253 1.5 1.8 4.2 -8.692 1.614 16.629 1.571 0.968
Car -1 -1 -10 389 180 447 212 1.5 1.8 4.2 -7.447 1.509 29.915 1.571 0.928
Car -1 -1 -10 649 175 675 193 1.5 1.8 4.2 3.730 1.457 54.279 1.571 0.897
Car -1 -1 -10 259 182 341 238 1.5 1.8 4.2 -7.239 1.510 18.827 1.571 0.894
Car -1 -1 -10 454 180 476 204 1.5 1.8 4.2 -6.942 1.434 36.437 1.571 0.717
Car -1 -1 -10 474 177 496 201 1.5 1.8 4.2 -7.342 1.528 44.268 1.571 0.714
Car -1 -1 -10 1133 149 1237 179 1.5 1.8 4.2 14.053 0.150 19.799 1.571 0.674
Car -1 -1 -10 365 179 401 203 1.5 1.8 4.2 -10.577 1.352 35.589 1.571 0.670
Car -1 -1 -10 437 182 461 208 1.5 1.8 4.2 -6.967 1.511 33.128 1.571 0.569
Car -1 -1 -10 570 179 588 187 1.5 1.8 4.2 -2.595 1.172 61.904 1.571 0.554
