Car -1 -1 -10 64 186 254 260 1.5 1.8 4.2 -10.259 1.972 18.430 1.571 0.997
Car -1 -1 -10 1008 166 1230 376 1.5 1.8 4.2 2.904 1.183 6.302 1.571 0.987
Car -1 -1 -10 571 182 745 316 1.5 1.8 4.2 0.428 1.449 9.406 1.571 0.969
Car -1 -1 -10 714 171 814 219 1.5 1.8 4.2 4.335 1.313 22.641 1.571 0.967
Car -1 -1 -10 1 186 41 292 1.5 1.8 4.2 -9.691 1.949 13.904 1.571 0.940
Car -1 -1 -10 250 178 326 212 1.5 1.8 4.2 -13.426 1.627 32.086 1.571 0.932
Car -1 -1 -10 461 172 501 196 1.5 1.8 4.2 -9.311 1.665 54.010 1.571 0.900
Car -1 -1 -10 359 182 413 210 1.5 1.8 4.2 -9.364 1.545 32.123 1.571 0.895
Car -1 -1 -10 405 174 455 206 1.5 1.8 4.2 -8.878 1.627 37.525 1.571 0.861
Car -1 -1 -10 585 172 603 184 1.5 1.8 4.2 -1.324 0.903 60.594 1.571 0.827
Car -1 -1 -10 520 175 546 191 1.5 1.8 4.2 -6.064 1.422 58.666 1.571 0.683
