Car -1 -1 -10 522 175 598 213 1.5 1.8 4.2 -1.867 1.462 28.381 1.571 0.987
Car -1 -1 -10 292 175 434 251 1.5 1.8 4.2 -5.974 1.873 19.399 1.571 0.954
Car -1 -1 -10 729 168 755 182 1.5 1.8 4.2 10.934 0.759 62.005 1.571 0.919
Car -1 -1 -10 491 177 529 203 1.5 1.8 4.2 -5.920 1.773 44.555 1.571 0.886
Car -1 -1 -10 1058 155 1086 169 1.5 1.8 4.2 33.609 -0.281 54.637 1.571 0.882
Car -1 -1 -10 682 170 708 188 1.5 1.8 4.2 6.371 1.140 56.427 1.571 0.861
Car -1 -1 -10 598 174 650 202 1.5 1.8 4.2 0.626 1.388 36.467 1.571 0.829
Car -1 -1 -10 1085 153 1111 167 1.5 1.8 4.2 38.346 -0.461 58.838 1.571 0.796
Car -1 -1 -10 1109 153 1133 165 1.5 1.8 4.2 39.725 -0.611 58.232 1.571 0.786
Car -1 -1 -10 1219 149 1239 165 1.5 1.8 4.2 48.457 -0.615 58.616 1.571 0.785
Car -1 -1 -10 794 159 824 169 1.5 1.8 4.2 18.448 -0.358 69.067 1.571 0.767
Car -1 -1 -10 1008 158 1030 170 1.5 1.8 4.2 28.705 -0.201 52.795 1.571 0.741
Car -1 -1 -10 649 169 675 193 1.5 1.8 4.2 3.415 1.004 49.950 1.571 0.619
Car -1 -1 -10 880 151 900 175 1.5 1.8 4.2 16.331 -0.284 44.277 1.571 0.570
Car -1 -1 -10 701 169 719 183 1.5 1.8 4.2 8.069 0.821 60.513 1.571 0.524
Car -1 -1 -10 1177 152 1219 164 1.5 1.8 4.2 43.786 -0.660 55.866 1.571 0.518
Car -1 -1 -10 861 159 881 169 1.5 1.8 4.2 22.289 -0.330 63.785 1.571 0.505
