Car -1 -1 -10 760 169 1012 243 1.5 1.8 4.2 5.229 1.342 15.911 1.571 0.998
Car -1 -1 -10 416 183 480 231 1.5 1.8 4.2 -5.235 1.861 25.201 1.571 0.998
Car -1 -1 -10 509 175 561 217 1.5 1.8 4.2 -2.823 1.634 28.813 1.571 0.984
Car -1 -1 -10 1086 149 1218 187 1.5 1.8 4.2 21.560 0.564 30.861 1.571 0.983
Car -1 -1 -10 766 154 876 194 1.5 1.8 4.2 8.790 0.885 32.308 1.571 0.968
Car -1 -1 -10 478 182 512 214 1.5 1.8 4.2 -4.545 1.610 30.337 1.571 0.924
Car -1 -1 -10 594 176 626 200 1.5 1.8 4.2 -0.033 1.715 49.450 1.571 0.797
Car -1 -1 -10 643 174 683 198 1.5 1.8 4.2 2.374 1.100 34.991 1.571 0.751
Car -1 -1 -10 618 177 640 193 1.5 1.8 4.2 1.296 1.407 52.493 1.571 0.698
Car -1 -1 -10 1021 150 1087 180 1.5 1.8 4.2 19.421 0.313 33.731 1.571 0.652
