Car -1 -1 -10 380 192 456 240 1.5 1.8 4.2 -5.850 2.029 23.902 1.571 0.981
Car -1 -1 -10 27 206 151 244 1.5 1.8 4.2 -19.688 2.682 29.304 1.571 0.914
Car -1 -1 -10 473 183 513 215 1.5 1.8 4.2 -5.621 2.010 36.512 1.571 0.866
Car -1 -1 -10 441 191 487 229 1.5 1.8 4.2 -5.456 2.080 28.835 1.571 0.853
Car -1 -1 -10 1198 145 1244 169 1.5 1.8 4.2 31.334 -0.198 39.150 1.571 0.796
Car -1 -1 -10 662 177 720 211 1.5 1.8 4.2 2.761 1.322 27.111 1.571 0.763
Car -1 -1 -10 1 212 51 242 1.5 1.8 4.2 -23.700 2.801 31.327 1.571 0.708
Car -1 -1 -10 536 183 554 195 1.5 1.8 4.2 -5.079 1.721 58.172 1.571 0.623
Car -1 -1 -10 1 209 21 243 1.5 1.8 4.2 -24.233 2.832 31.236 1.571 0.543
Car -1 -1 -10 519 184 537 202 1.5 1.8 4.2 -6.067 2.146 55.225 1.571 0.520
