Car -1 -1 -10 760 176 916 258 1.5 1.8 4.2 4.204 1.590 15.575 1.571 0.992
Car -1 -1 -10 308 195 422 249 1.5 1.8 4.2 -6.538 2.016 21.207 1.571 0.984
Car -1 -1 -10 598 183 670 249 1.5 1.8 4.2 0.488 1.715 18.357 1.571 0.973
Car -1 -1 -10 117 181 237 239 1.5 1.8 4.2 -13.470 2.050 24.465 1.571 0.953
Car -1 -1 -10 421 187 477 211 1.5 1.8 4.2 -8.669 2.045 40.779 1.571 0.947
Car -1 -1 -10 488 185 534 215 1.5 1.8 4.2 -4.563 1.924 35.050 1.571 0.916
Car -1 -1 -10 699 185 763 227 1.5 1.8 4.2 4.021 1.820 26.359 1.571 0.879
Car -1 -1 -10 265 188 347 236 1.5 1.8 4.2 -10.199 2.108 26.195 1.571 0.872
Car -1 -1 -10 548 181 574 201 1.5 1.8 4.2 -3.747 2.136 56.854 1.571 0.870
Car -1 -1 -10 586 188 608 204 1.5 1.8 4.2 -1.048 2.444 58.731 1.571 0.745
