Car -1 -1 -10 782 185 938 289 1.5 1.8 4.2 3.403 1.607 12.083 1.571 0.998
Car -1 -1 -10 426 181 536 251 1.5 1.8 4.2 -2.956 1.759 18.340 1.571 0.988
Car -1 -1 -10 744 185 830 249 1.5 1.8 4.2 3.526 1.539 16.690 1.571 0.950
Car -1 -1 -10 707 177 771 233 1.5 1.8 4.2 3.685 1.741 22.989 1.571 0.943
Car -1 -1 -10 -10 213 354 375 1.5 1.8 4.2 -3.222 1.460 7.311 1.571 0.922
Car -1 -1 -10 319 180 357 204 1.5 1.8 4.2 -13.673 1.210 38.264 1.571 0.858
Car -1 -1 -10 503 177 569 221 1.5 1.8 4.2 -2.299 1.904 30.634 1.571 0.743
Car -1 -1 -10 574 180 614 204 1.5 1.8 4.2 -0.781 1.439 35.437 1.571 0.722
Car -1 -1 -10 743 168 779 184 1.5 1.8 4.2 11.694 0.865 58.112 1.571 0.668
Car -1 -1 -10 662 173 698 197 1.5 1.8 4.2 4.284 1.305 46.623 1.571 0.648
