Car -1 -1 -10 559 216 955 378 1.5 1.8 4.2 0.986 1.458 7.231 1.571 1.000
Car -1 -1 -10 448 219 644 329 1.5 1.8 4.2 -0.836 1.902 10.889 1.571 0.992
Car -1 -1 -10 15 234 109 316 1.5 1.8 4.2 -9.498 2.466 14.534 1.571 0.991
Car -1 -1 -10 0 246 48 370 1.5 1.8 4.2 -7.136 2.381 10.816 1.571 0.987
Car -1 -1 -10 395 213 495 297 1.5 1.8 4.2 -2.931 2.164 14.677 1.571 0.964
Car -1 -1 -10 342 207 416 275 1.5 1.8 4.2 -5.561 2.436 19.308 1.571 0.951
Car -1 -1 -10 148 216 184 240 1.5 1.8 4.2 -24.127 3.643 41.247 1.571 0.936
Car -1 -1 -10 82 214 160 268 1.5 1.8 4.2 -15.108 2.930 24.320 1.571 0.935
Car -1 -1 -10 260 214 282 238 1.5 1.8 4.2 -17.744 3.350 39.783 1.571 0.754
Car -1 -1 -10 288 214 320 248 1.5 1.8 4.2 -10.801 2.641 27.458 1.571 0.706
