Car -1 -1 -10 -1 205 123 295 1.5 1.8 4.2 -9.483 2.097 14.491 1.571 0.994
Car -1 -1 -10 736 178 874 248 1.5 1.8 4.2 4.242 1.655 17.991 1.571 0.986
Car -1 -1 -10 597 185 675 249 1.5 1.8 4.2 0.491 1.592 17.192 1.571 0.980
Car -1 -1 -10 302 190 400 230 1.5 1.8 4.2 -9.419 2.068 28.210 1.571 0.975
Car -1 -1 -10 432 186 488 224 1.5 1.8 4.2 -5.682 1.922 29.214 1.571 0.946
Car -1 -1 -10 569 185 591 199 1.5 1.8 4.2 -2.347 2.021 57.882 1.571 0.884
Car -1 -1 -10 681 184 739 218 1.5 1.8 4.2 3.617 1.653 28.529 1.571 0.810
Car -1 -1 -10 373 183 431 219 1.5 1.8 4.2 -9.030 1.994 33.275 1.571 0.728
Car -1 -1 -10 504 186 532 204 1.5 1.8 4.2 -6.700 2.258 54.409 1.571 0.629
Car -1 -1 -10 174 187 264 227 1.5 1.8 4.2 -13.647 1.883 27.198 1.571 0.619
Car -1 -1 -10 513 184 545 208 1.5 1.8 4.2 -5.305 2.157 49.060 1.571 0.604
