Car -1 -1 -10 476 180 560 218 1.5 1.8 4.2 -3.308 1.600 27.675 1.571 0.994
Car -1 -1 -10 230 191 386 253 1.5 1.8 4.2 -7.182 1.892 19.136 1.571 0.987
Car -1 -1 -10 130 178 278 236 1.5 1.8 4.2 -11.873 1.839 23.112 1.571 0.919
Car -1 -1 -10 1072 153 1100 167 1.5 1.8 4.2 37.519 -0.462 59.014 1.571 0.838
Car -1 -1 -10 685 171 709 187 1.5 1.8 4.2 6.556 1.070 56.715 1.571 0.818
Car -1 -1 -10 436 170 496 208 1.5 1.8 4.2 -7.024 1.704 37.089 1.571 0.810
Car -1 -1 -10 734 169 758 185 1.5 1.8 4.2 11.087 0.992 61.059 1.571 0.717
Car -1 -1 -10 1119 155 1153 167 1.5 1.8 4.2 36.719 -0.409 52.512 1.571 0.701
Car -1 -1 -10 1091 154 1121 168 1.5 1.8 4.2 40.060 -0.393 60.414 1.571 0.676
Car -1 -1 -10 536 175 564 189 1.5 1.8 4.2 -4.656 1.245 57.757 1.571 0.601
Car -1 -1 -10 1188 151 1238 167 1.5 1.8 4.2 46.649 -0.453 57.953 1.571 0.597
Car -1 -1 -10 1153 155 1189 167 1.5 1.8 4.2 39.857 -0.417 53.402 1.571 0.585
Car -1 -1 -10 698 166 722 184 1.5 1.8 4.2 7.814 0.874 58.679 1.571 0.560
