Car -1 -1 -10 676 184 784 270 1.5 1.8 4.2 2.046 1.700 14.728 1.571 0.999
Car -1 -1 -10 -11 229 429 375 1.5 1.8 4.2 -1.829 0.891 5.282 1.571 0.992
Car -1 -1 -10 5 187 223 263 1.5 1.8 4.2 -6.694 1.206 11.756 1.571 0.983
Car -1 -1 -10 543 184 593 218 1.5 1.8 4.2 -1.547 1.612 27.874 1.571 0.980
Car -1 -1 -10 645 185 718 233 1.5 1.8 4.2 1.457 1.709 22.609 1.571 0.976
Car -1 -1 -10 212 187 286 221 1.5 1.8 4.2 -14.304 1.901 30.601 1.571 0.966
Car -1 -1 -10 373 183 455 215 1.5 1.8 4.2 -5.872 1.252 23.538 1.571 0.727
Car -1 -1 -10 274 191 430 257 1.5 1.8 4.2 -6.688 2.164 20.663 1.571 0.696
Car -1 -1 -10 617 186 645 216 1.5 1.8 4.2 0.727 1.589 28.671 1.571 0.621
Car -1 -1 -10 659 186 744 242 1.5 1.8 4.2 1.331 1.450 17.234 1.571 0.581
Car -1 -1 -10 447 185 509 227 1.5 1.8 4.2 -5.014 2.038 29.256 1.571 0.532
Car -1 -1 -10 498 179 528 205 1.5 1.8 4.2 -4.918 1.616 38.382 1.571 0.529
