Car -1 -1 -10 403 184 471 234 1.5 1.8 4.2 -5.246 1.837 23.775 1.571 0.998
Car -1 -1 -10 780 166 1036 252 1.5 1.8 4.2 5.147 1.381 14.694 1.571 0.996
Car -1 -1 -10 499 178 553 224 1.5 1.8 4.2 -2.896 1.735 26.574 1.571 0.989
Car -1 -1 -10 1106 149 1234 187 1.5 1.8 4.2 21.535 0.545 29.906 1.571 0.971
Car -1 -1 -10 774 154 880 196 1.5 1.8 4.2 8.711 0.934 31.213 1.571 0.961
Car -1 -1 -10 464 185 500 219 1.5 1.8 4.2 -4.711 1.681 28.396 1.571 0.932
Car -1 -1 -10 540 175 560 189 1.5 1.8 4.2 -4.907 1.313 60.793 1.571 0.833
Car -1 -1 -10 459 180 506 210 1.5 1.8 4.2 -5.481 1.757 36.231 1.571 0.829
Car -1 -1 -10 1035 151 1107 183 1.5 1.8 4.2 19.772 0.436 33.115 1.571 0.820
Car -1 -1 -10 594 177 626 201 1.5 1.8 4.2 -0.034 1.725 47.962 1.571 0.807
Car -1 -1 -10 643 175 681 201 1.5 1.8 4.2 2.438 1.342 36.503 1.571 0.780
Car -1 -1 -10 1069 152 1135 184 1.5 1.8 4.2 19.497 0.442 30.758 1.571 0.733
Car -1 -1 -10 615 176 639 200 1.5 1.8 4.2 1.123 1.641 51.140 1.571 0.635
