Car -1 -1 -10 438 184 602 272 1.5 1.8 4.2 -1.534 1.629 13.960 1.571 0.998
Car -1 -1 -10 1009 186 1233 372 1.5 1.8 4.2 4.171 1.648 8.073 1.571 0.997
Car -1 -1 -10 863 178 955 242 1.5 1.8 4.2 6.488 1.512 17.883 1.571 0.990
Car -1 -1 -10 611 176 683 218 1.5 1.8 4.2 1.136 1.444 25.185 1.571 0.987
Car -1 -1 -10 708 172 754 196 1.5 1.8 4.2 6.379 1.227 40.368 1.571 0.935
Car -1 -1 -10 -1 227 59 371 1.5 1.8 4.2 -4.537 1.527 7.662 1.571 0.882
Car -1 -1 -10 837 171 906 217 1.5 1.8 4.2 7.365 1.330 23.845 1.571 0.877
Car -1 -1 -10 812 165 834 189 1.5 1.8 4.2 14.402 0.891 50.996 1.571 0.853
Car -1 -1 -10 796 169 826 185 1.5 1.8 4.2 14.508 0.878 54.287 1.571 0.669
Car -1 -1 -10 642 172 696 208 1.5 1.8 4.2 2.658 1.338 29.572 1.571 0.619
Car -1 -1 -10 685 172 709 198 1.5 1.8 4.2 4.172 1.217 37.040 1.571 0.595
Car -1 -1 -10 518 168 540 192 1.5 1.8 4.2 -4.387 0.652 40.836 1.571 0.590
Car -1 -1 -10 455 172 481 196 1.5 1.8 4.2 -6.872 0.969 36.811 1.571 0.534
Car -1 -1 -10 615 175 637 187 1.5 1.8 4.2 1.171 1.061 56.213 1.571 0.504
