Car -1 -1 -10 766 191 914 283 1.5 1.8 4.2 3.533 1.718 13.358 1.571 0.998
Car -1 -1 -10 590 181 660 235 1.5 1.8 4.2 0.336 1.604 20.726 1.571 0.996
Car -1 -1 -10 72 181 334 341 1.5 1.8 4.2 -3.714 1.510 8.581 1.571 0.994
Car -1 -1 -10 247 182 441 282 1.5 1.8 4.2 -3.387 1.366 11.134 1.571 0.985
Car -1 -1 -10 3 171 103 371 1.5 1.8 4.2 -3.149 1.099 6.102 1.571 0.983
Car -1 -1 -10 723 175 801 239 1.5 1.8 4.2 3.890 1.715 20.806 1.571 0.979
Car -1 -1 -10 405 178 521 242 1.5 1.8 4.2 -3.126 1.445 17.185 1.571 0.959
Car -1 -1 -10 501 180 559 212 1.5 1.8 4.2 -3.097 1.493 29.623 1.571 0.933
Car -1 -1 -10 1051 146 1235 370 1.5 1.8 4.2 2.751 1.039 5.905 1.571 0.863
Car -1 -1 -10 678 174 736 212 1.5 1.8 4.2 2.766 1.136 23.045 1.571 0.658
Car -1 -1 -10 583 169 605 185 1.5 1.8 4.2 -1.150 0.849 52.568 1.571 0.571
