Car -1 -1 -10 2 214 284 378 1.5 1.8 4.2 -4.033 1.649 8.248 1.571 0.987
Car -1 -1 -10 298 187 370 239 1.5 1.8 4.2 -7.426 1.450 21.474 1.571 0.976
Car -1 -1 -10 570 182 600 206 1.5 1.8 4.2 -1.159 1.026 37.581 1.571 0.931
Car -1 -1 -10 505 185 537 205 1.5 1.8 4.2 -4.725 1.195 45.517 1.571 0.891
Car -1 -1 -10 458 189 511 223 1.5 1.8 4.2 -3.916 1.371 28.181 1.571 0.885
Car -1 -1 -10 482 186 524 214 1.5 1.8 4.2 -3.747 1.138 30.513 1.571 0.811
Car -1 -1 -10 77 185 199 215 1.5 1.8 4.2 -10.801 0.682 18.551 1.571 0.792
Car -1 -1 -10 189 182 317 252 1.5 1.8 4.2 -7.208 1.347 16.601 1.571 0.769
Car -1 -1 -10 538 183 552 199 1.5 1.8 4.2 -4.831 1.057 57.214 1.571 0.594
Car -1 -1 -10 549 185 567 197 1.5 1.8 4.2 -3.840 0.985 62.183 1.571 0.508
