Car -1 -1 -10 756 177 1010 325 1.5 1.8 4.2 2.607 1.485 9.143 1.571 0.998
Car -1 -1 -10 60 201 316 327 1.5 1.8 4.2 -5.604 2.026 11.586 1.571 0.981
Car -1 -1 -10 4 229 50 375 1.5 1.8 4.2 -5.419 1.858 8.734 1.571 0.973
Car -1 -1 -10 539 177 575 201 1.5 1.8 4.2 -2.982 1.452 42.183 1.571 0.898
Car -1 -1 -10 691 166 761 190 1.5 1.8 4.2 5.709 0.849 37.860 1.571 0.869
Car -1 -1 -10 323 178 431 248 1.5 1.8 4.2 -5.630 1.799 19.375 1.571 0.864
Car -1 -1 -10 457 180 509 214 1.5 1.8 4.2 -5.795 1.863 34.781 1.571 0.827
Car -1 -1 -10 511 180 541 204 1.5 1.8 4.2 -5.364 1.786 47.885 1.571 0.793
Car -1 -1 -10 412 179 462 221 1.5 1.8 4.2 -5.568 1.536 25.122 1.571 0.747
Car -1 -1 -10 627 176 661 190 1.5 1.8 4.2 2.409 1.230 53.871 1.571 0.692
