Car -1 -1 -10 63 199 349 343 1.5 1.8 4.2 -4.306 1.789 9.688 1.571 0.996
Car -1 -1 -10 424 185 482 237 1.5 1.8 4.2 -4.008 1.616 20.283 1.571 0.991
Car -1 -1 -10 330 190 440 266 1.5 1.8 4.2 -4.173 1.705 15.308 1.571 0.981
Car -1 -1 -10 792 186 1018 306 1.5 1.8 4.2 3.209 1.474 10.089 1.571 0.975
Car -1 -1 -10 506 182 552 206 1.5 1.8 4.2 -3.762 1.522 35.237 1.571 0.952
Car -1 -1 -10 966 219 1232 371 1.5 1.8 4.2 3.020 1.247 6.643 1.571 0.930
Car -1 -1 -10 736 179 844 249 1.5 1.8 4.2 3.174 1.366 15.042 1.571 0.922
Car -1 -1 -10 707 178 777 224 1.5 1.8 4.2 3.072 1.376 21.521 1.571 0.827
Car -1 -1 -10 1082 175 1194 215 1.5 1.8 4.2 16.288 1.304 24.425 1.571 0.769
Car -1 -1 -10 577 174 615 188 1.5 1.8 4.2 -1.125 1.186 58.631 1.571 0.678
Car -1 -1 -10 692 179 749 217 1.5 1.8 4.2 3.255 1.473 26.173 1.571 0.676
Car -1 -1 -10 684 176 736 210 1.5 1.8 4.2 3.390 1.500 31.251 1.571 0.600
Car -1 -1 -10 994 172 1080 210 1.5 1.8 4.2 11.538 1.008 21.682 1.571 0.523
