Car -1 -1 -10 358 200 484 284 1.5 1.8 4.2 -3.041 1.756 13.500 1.571 0.993
Car -1 -1 -10 1041 140 1229 352 1.5 1.8 4.2 4.429 1.531 8.267 1.571 0.993
Car -1 -1 -10 -4 188 382 374 1.5 1.8 4.2 -3.302 1.549 7.659 1.571 0.971
Car -1 -1 -10 774 167 844 213 1.5 1.8 4.2 6.472 1.315 25.738 1.571 0.969
Car -1 -1 -10 910 163 976 189 1.5 1.8 4.2 16.703 0.811 38.378 1.571 0.952
Car -1 -1 -10 513 179 551 217 1.5 1.8 4.2 -2.823 1.571 27.780 1.571 0.927
Car -1 -1 -10 704 178 788 240 1.5 1.8 4.2 2.859 1.438 17.551 1.571 0.914
Car -1 -1 -10 874 155 916 171 1.5 1.8 4.2 23.015 -0.150 60.434 1.571 0.857
Car -1 -1 -10 931 166 1127 262 1.5 1.8 4.2 5.128 1.103 11.028 1.571 0.855
Car -1 -1 -10 430 176 528 248 1.5 1.8 4.2 -2.478 1.390 15.450 1.571 0.822
Car -1 -1 -10 523 184 567 212 1.5 1.8 4.2 -2.088 1.538 30.446 1.571 0.688
Car -1 -1 -10 744 170 806 216 1.5 1.8 4.2 4.408 1.165 21.594 1.571 0.676
