Car -1 -1 -10 823 210 1217 374 1.5 1.8 4.2 2.401 1.207 6.430 1.571 0.998
Car -1 -1 -10 16 179 284 325 1.5 1.8 4.2 -4.970 1.624 9.805 1.571 0.994
Car -1 -1 -10 4 236 114 364 1.5 1.8 4.2 -4.570 1.565 8.007 1.571 0.990
Car -1 -1 -10 788 181 864 243 1.5 1.8 4.2 4.536 1.490 17.430 1.571 0.981
Car -1 -1 -10 718 175 800 225 1.5 1.8 4.2 4.578 1.619 24.502 1.571 0.948
Car -1 -1 -10 279 173 409 233 1.5 1.8 4.2 -5.220 1.168 16.113 1.571 0.917
Car -1 -1 -10 437 177 521 213 1.5 1.8 4.2 -5.588 1.699 32.638 1.571 0.883
Car -1 -1 -10 817 182 919 250 1.5 1.8 4.2 4.654 1.407 15.266 1.571 0.874
Car -1 -1 -10 110 180 306 270 1.5 1.8 4.2 -5.394 1.290 11.680 1.571 0.694
Car -1 -1 -10 626 175 674 205 1.5 1.8 4.2 1.921 1.576 37.477 1.571 0.663
