Car -1 -1 -10 227 187 401 273 1.5 1.8 4.2 -4.624 1.545 13.237 1.571 0.985
Car -1 -1 -10 808 212 1224 370 1.5 1.8 4.2 2.427 1.207 6.520 1.571 0.981
Car -1 -1 -10 464 177 534 209 1.5 1.8 4.2 -5.257 1.698 36.002 1.571 0.970
Car -1 -1 -10 532 179 582 215 1.5 1.8 4.2 -1.995 1.550 28.634 1.571 0.967
Car -1 -1 -10 657 178 705 212 1.5 1.8 4.2 2.778 1.556 30.788 1.571 0.957
Car -1 -1 -10 720 191 826 263 1.5 1.8 4.2 2.800 1.578 14.734 1.571 0.955
Car -1 -1 -10 9 179 233 345 1.5 1.8 4.2 -4.160 1.444 8.152 1.571 0.938
Car -1 -1 -10 296 180 446 240 1.5 1.8 4.2 -4.809 1.336 16.457 1.571 0.913
Car -1 -1 -10 367 179 469 217 1.5 1.8 4.2 -5.103 1.161 21.087 1.571 0.832
Car -1 -1 -10 630 175 654 191 1.5 1.8 4.2 2.498 1.432 59.048 1.571 0.822
