Car -1 -1 -10 682 192 772 242 1.5 1.8 4.2 2.709 1.631 19.128 1.571 0.997
Car -1 -1 -10 3 231 167 365 1.5 1.8 4.2 -4.469 1.614 8.162 1.571 0.980
Car -1 -1 -10 963 171 1149 237 1.5 1.8 4.2 10.720 1.549 19.526 1.571 0.979
Car -1 -1 -10 856 179 992 207 1.5 1.8 4.2 10.568 1.154 26.492 1.571 0.953
Car -1 -1 -10 533 183 557 207 1.5 1.8 4.2 -3.703 1.869 42.787 1.571 0.930
Car -1 -1 -10 477 185 529 217 1.5 1.8 4.2 -4.725 1.931 33.670 1.571 0.927
Car -1 -1 -10 655 179 677 203 1.5 1.8 4.2 3.594 1.694 48.846 1.571 0.835
Car -1 -1 -10 585 183 605 193 1.5 1.8 4.2 -1.235 1.623 60.236 1.571 0.834
Car -1 -1 -10 670 188 720 226 1.5 1.8 4.2 2.478 1.580 23.551 1.571 0.710
Car -1 -1 -10 518 185 544 209 1.5 1.8 4.2 -3.998 1.811 38.250 1.571 0.664
Car -1 -1 -10 969 246 1233 366 1.5 1.8 4.2 2.957 1.186 6.532 1.571 0.546
