Car -1 -1 -10 815 203 1259 377 1.5 1.8 4.2 2.579 1.261 6.559 1.571 0.999
Car -1 -1 -10 740 182 912 284 1.5 1.8 4.2 2.740 1.439 11.441 1.571 0.999
Car -1 -1 -10 115 195 357 309 1.5 1.8 4.2 -5.268 1.897 12.155 1.571 0.995
Car -1 -1 -10 689 183 759 233 1.5 1.8 4.2 3.100 1.661 22.035 1.571 0.981
Car -1 -1 -10 429 185 495 227 1.5 1.8 4.2 -5.199 1.885 27.219 1.571 0.971
Car -1 -1 -10 316 189 426 257 1.5 1.8 4.2 -5.604 1.955 18.862 1.571 0.954
Car -1 -1 -10 494 180 532 204 1.5 1.8 4.2 -5.202 1.604 40.510 1.571 0.899
Car -1 -1 -10 656 180 692 210 1.5 1.8 4.2 2.531 1.495 31.140 1.571 0.813
Car -1 -1 -10 3 192 67 238 1.5 1.8 4.2 -12.076 1.362 17.188 1.571 0.781
Car -1 -1 -10 543 171 585 193 1.5 1.8 4.2 -3.543 1.539 57.231 1.571 0.696
