Car -1 -1 -10 266 183 364 235 1.5 1.8 4.2 -7.990 1.672 21.520 1.571 0.983
Car -1 -1 -10 352 180 406 222 1.5 1.8 4.2 -7.662 1.620 25.884 1.571 0.946
Car -1 -1 -10 528 177 554 201 1.5 1.8 4.2 -4.144 1.437 45.054 1.571 0.899
Car -1 -1 -10 434 180 468 206 1.5 1.8 4.2 -7.483 1.551 35.869 1.571 0.885
Car -1 -1 -10 995 144 1085 174 1.5 1.8 4.2 20.081 0.053 35.866 1.571 0.883
Car -1 -1 -10 927 152 1017 176 1.5 1.8 4.2 14.435 0.006 30.961 1.571 0.764
Car -1 -1 -10 680 170 704 188 1.5 1.8 4.2 6.209 1.152 56.985 1.571 0.725
Car -1 -1 -10 636 168 658 186 1.5 1.8 4.2 2.668 0.958 54.705 1.571 0.717
Car -1 -1 -10 653 171 681 195 1.5 1.8 4.2 3.368 1.143 45.183 1.571 0.662
Car -1 -1 -10 1070 147 1168 173 1.5 1.8 4.2 14.438 0.004 22.637 1.571 0.655
Car -1 -1 -10 400 184 432 212 1.5 1.8 4.2 -7.673 1.539 30.472 1.571 0.646
