Car -1 -1 -10 170 201 450 343 1.5 1.8 4.2 -3.240 1.805 9.754 1.571 0.996
Car -1 -1 -10 779 182 899 274 1.5 1.8 4.2 3.994 1.788 14.855 1.571 0.995
Car -1 -1 -10 478 185 572 241 1.5 1.8 4.2 -2.290 1.795 21.107 1.571 0.994
Car -1 -1 -10 756 185 818 243 1.5 1.8 4.2 3.709 1.490 17.433 1.571 0.857
Car -1 -1 -10 682 177 712 201 1.5 1.8 4.2 5.762 1.608 50.158 1.571 0.848
Car -1 -1 -10 727 179 769 223 1.5 1.8 4.2 4.622 1.696 26.514 1.571 0.832
Car -1 -1 -10 340 192 384 202 1.5 1.8 4.2 -19.370 2.273 58.373 1.571 0.797
Car -1 -1 -10 697 177 721 201 1.5 1.8 4.2 6.307 1.674 48.315 1.571 0.791
Car -1 -1 -10 516 184 581 226 1.5 1.8 4.2 -1.555 1.741 25.741 1.571 0.696
Car -1 -1 -10 606 180 642 204 1.5 1.8 4.2 0.675 1.538 38.928 1.571 0.668
Car -1 -1 -10 566 183 600 219 1.5 1.8 4.2 -1.190 1.960 32.752 1.571 0.666
Car -1 -1 -10 767 171 791 187 1.5 1.8 4.2 12.485 1.047 55.530 1.571 0.612
Car -1 -1 -10 408 185 424 209 1.5 1.8 4.2 -12.070 1.932 46.863 1.571 0.594
