Car -1 -1 -10 930 247 1232 363 1.5 1.8 4.2 2.111 0.876 5.426 1.571 0.997
Car -1 -1 -10 468 185 548 243 1.5 1.8 4.2 -2.600 1.752 20.127 1.571 0.994
Car -1 -1 -10 644 181 682 213 1.5 1.8 4.2 2.313 1.784 34.172 1.571 0.922
Car -1 -1 -10 682 188 786 260 1.5 1.8 4.2 2.429 1.744 16.543 1.571 0.901
Car -1 -1 -10 542 185 576 209 1.5 1.8 4.2 -2.313 1.609 34.222 1.571 0.834
Car -1 -1 -10 573 187 585 197 1.5 1.8 4.2 -2.468 1.901 58.906 1.571 0.762
Car -1 -1 -10 592 184 604 194 1.5 1.8 4.2 -1.053 1.812 63.948 1.571 0.641
Car -1 -1 -10 634 180 670 204 1.5 1.8 4.2 1.775 1.710 41.730 1.571 0.542
Car -1 -1 -10 622 183 638 197 1.5 1.8 4.2 1.489 1.832 56.866 1.571 0.539
Car -1 -1 -10 610 182 620 188 1.5 1.8 4.2 0.371 1.205 59.538 1.571 0.513
