Car -1 -1 -10 137 207 445 373 1.5 1.8 4.2 -2.211 1.349 6.966 1.571 0.998
Car -1 -1 -10 722 188 862 292 1.5 1.8 4.2 2.372 1.589 11.727 1.571 0.997
Car -1 -1 -10 779 214 1227 372 1.5 1.8 4.2 1.851 0.968 5.609 1.571 0.994
Car -1 -1 -10 672 191 746 255 1.5 1.8 4.2 1.909 1.628 16.400 1.571 0.992
Car -1 -1 -10 397 198 503 294 1.5 1.8 4.2 -2.333 1.723 12.367 1.571 0.962
Car -1 -1 -10 513 187 559 227 1.5 1.8 4.2 -2.572 1.847 26.721 1.571 0.944
Car -1 -1 -10 1 239 199 369 1.5 1.8 4.2 -1.916 0.713 4.725 1.571 0.933
Car -1 -1 -10 614 180 642 204 1.5 1.8 4.2 1.200 1.927 51.497 1.571 0.933
Car -1 -1 -10 560 179 604 207 1.5 1.8 4.2 -0.859 1.643 36.826 1.571 0.869
Car -1 -1 -10 665 184 693 202 1.5 1.8 4.2 5.059 2.149 55.314 1.571 0.709
Car -1 -1 -10 638 184 656 198 1.5 1.8 4.2 2.617 1.799 53.731 1.571 0.624
Car -1 -1 -10 519 173 582 215 1.5 1.8 4.2 -1.830 1.635 30.096 1.571 0.604
