Car -1 -1 -10 831 177 1239 375 1.5 1.8 4.2 2.235 1.091 5.997 1.571 0.988
Car -1 -1 -10 -2 222 154 370 1.5 1.8 4.2 -5.423 1.980 9.349 1.571 0.986
Car -1 -1 -10 368 180 434 238 1.5 1.8 4.2 -5.700 1.761 21.606 1.571 0.982
Car -1 -1 -10 688 165 772 189 1.5 1.8 4.2 4.861 0.660 31.596 1.571 0.937
Car -1 -1 -10 520 178 562 204 1.5 1.8 4.2 -3.324 1.482 36.429 1.571 0.877
Car -1 -1 -10 491 180 525 204 1.5 1.8 4.2 -5.700 1.673 42.152 1.571 0.862
Car -1 -1 -10 435 183 487 217 1.5 1.8 4.2 -5.752 1.690 29.734 1.571 0.848
Car -1 -1 -10 1049 151 1221 195 1.5 1.8 4.2 14.550 0.616 22.166 1.571 0.669
Car -1 -1 -10 217 178 379 270 1.5 1.8 4.2 -5.661 1.745 15.066 1.571 0.660
Car -1 -1 -10 632 171 658 195 1.5 1.8 4.2 2.078 1.096 45.680 1.571 0.646
