Car -1 -1 -10 583 184 617 212 1.5 1.8 4.2 -0.542 1.965 38.320 1.571 0.924
Car -1 -1 -10 1127 180 1169 204 1.5 1.8 4.2 33.764 1.894 47.428 1.571 0.903
Car -1 -1 -10 976 179 1012 203 1.5 1.8 4.2 20.580 1.457 40.842 1.571 0.863
Car -1 -1 -10 1084 181 1130 205 1.5 1.8 4.2 26.992 1.639 41.342 1.571 0.855
Car -1 -1 -10 1008 178 1056 202 1.5 1.8 4.2 21.368 1.275 38.702 1.571 0.831
Car -1 -1 -10 1157 180 1217 204 1.5 1.8 4.2 37.855 1.979 49.479 1.571 0.784
Car -1 -1 -10 1220 184 1240 200 1.5 1.8 4.2 45.830 2.008 55.470 1.571 0.744
Car -1 -1 -10 745 179 773 189 1.5 1.8 4.2 12.209 1.326 61.350 1.571 0.692
Car -1 -1 -10 765 179 787 189 1.5 1.8 4.2 13.382 1.304 60.380 1.571 0.676
Car -1 -1 -10 798 180 824 190 1.5 1.8 4.2 16.633 1.421 61.902 1.571 0.672
Car -1 -1 -10 697 178 719 188 1.5 1.8 4.2 8.204 1.272 62.688 1.571 0.666
Car -1 -1 -10 76 202 110 226 1.5 1.8 4.2 -32.790 3.113 47.815 1.571 0.628
Car -1 -1 -10 325 186 353 202 1.5 1.8 4.2 -22.194 2.384 61.122 1.571 0.594
Car -1 -1 -10 733 179 755 187 1.5 1.8 4.2 10.322 1.092 57.829 1.571 0.548
