Car -1 -1 -10 805 183 1077 335 1.5 1.8 4.2 3.147 1.570 9.086 1.571 0.995
Car -1 -1 -10 -10 196 320 360 1.5 1.8 4.2 -4.313 1.750 8.848 1.571 0.994
Car -1 -1 -10 747 183 859 261 1.5 1.8 4.2 3.181 1.478 14.197 1.571 0.991
Car -1 -1 -10 1037 227 1237 367 1.5 1.8 4.2 6.580 2.444 11.186 1.571 0.989
Car -1 -1 -10 411 187 479 241 1.5 1.8 4.2 -4.041 1.647 19.545 1.571 0.988
Car -1 -1 -10 501 179 555 207 1.5 1.8 4.2 -3.770 1.552 34.903 1.571 0.980
Car -1 -1 -10 301 192 433 274 1.5 1.8 4.2 -4.182 1.717 14.354 1.571 0.980
Car -1 -1 -10 712 177 776 237 1.5 1.8 4.2 3.005 1.463 18.562 1.571 0.963
Car -1 -1 -10 692 179 726 217 1.5 1.8 4.2 3.308 1.496 26.557 1.571 0.687
Car -1 -1 -10 707 179 774 223 1.5 1.8 4.2 3.090 1.381 21.975 1.571 0.626
Car -1 -1 -10 580 175 614 187 1.5 1.8 4.2 -1.066 1.131 59.790 1.571 0.504
