Car -1 -1 -10 762 190 878 266 1.5 1.8 4.2 3.433 1.547 14.082 1.571 0.993
Car -1 -1 -10 489 187 547 225 1.5 1.8 4.2 -3.485 1.949 29.073 1.571 0.982
Car -1 -1 -10 726 184 798 242 1.5 1.8 4.2 3.652 1.684 19.679 1.571 0.975
Car -1 -1 -10 -4 231 88 373 1.5 1.8 4.2 -4.079 1.416 7.207 1.571 0.950
Car -1 -1 -10 534 186 564 212 1.5 1.8 4.2 -2.637 1.664 32.781 1.571 0.858
Car -1 -1 -10 577 184 603 200 1.5 1.8 4.2 -1.492 1.984 54.853 1.571 0.794
Car -1 -1 -10 691 184 725 218 1.5 1.8 4.2 3.850 1.794 30.777 1.571 0.739
Car -1 -1 -10 553 187 571 211 1.5 1.8 4.2 -2.288 1.644 35.863 1.571 0.589
Car -1 -1 -10 649 181 671 191 1.5 1.8 4.2 4.049 1.479 60.902 1.571 0.566
Car -1 -1 -10 686 184 725 210 1.5 1.8 4.2 3.812 1.664 34.437 1.571 0.561
Car -1 -1 -10 710 188 767 226 1.5 1.8 4.2 3.667 1.687 25.012 1.571 0.539
