Car -1 -1 -10 10 212 412 370 1.5 1.8 4.2 -2.029 0.973 5.661 1.571 0.997
Car -1 -1 -10 732 190 932 324 1.5 1.8 4.2 2.389 1.665 10.051 1.571 0.990
Car -1 -1 -10 851 242 1229 366 1.5 1.8 4.2 1.854 0.860 5.313 1.571 0.987
Car -1 -1 -10 686 188 768 260 1.5 1.8 4.2 1.997 1.528 14.750 1.571 0.981
Car -1 -1 -10 344 198 492 316 1.5 1.8 4.2 -2.376 1.729 10.814 1.571 0.979
Car -1 -1 -10 507 186 559 226 1.5 1.8 4.2 -2.540 1.720 25.451 1.571 0.954
Car -1 -1 -10 615 179 641 203 1.5 1.8 4.2 1.157 1.926 49.792 1.571 0.949
Car -1 -1 -10 561 179 605 207 1.5 1.8 4.2 -0.774 1.561 35.101 1.571 0.804
Car -1 -1 -10 664 185 696 201 1.5 1.8 4.2 5.089 2.058 54.867 1.571 0.791
Car -1 -1 -10 647 182 667 198 1.5 1.8 4.2 3.419 1.845 55.039 1.571 0.662
Car -1 -1 -10 516 172 582 216 1.5 1.8 4.2 -1.812 1.621 29.216 1.571 0.587
