Car -1 -1 -10 1071 208 1237 370 1.5 1.8 4.2 4.266 1.567 7.836 1.571 0.998
Car -1 -1 -10 14 168 274 302 1.5 1.8 4.2 -5.611 1.539 10.700 1.571 0.995
Car -1 -1 -10 840 189 1028 287 1.5 1.8 4.2 4.507 1.607 12.262 1.571 0.995
Car -1 -1 -10 970 190 1184 336 1.5 1.8 4.2 4.784 1.691 9.581 1.571 0.991
Car -1 -1 -10 628 181 684 219 1.5 1.8 4.2 1.584 1.635 27.672 1.571 0.987
Car -1 -1 -10 776 184 944 264 1.5 1.8 4.2 4.342 1.603 14.790 1.571 0.985
Car -1 -1 -10 325 178 471 210 1.5 1.8 4.2 -6.286 1.092 23.326 1.571 0.892
Car -1 -1 -10 402 180 470 208 1.5 1.8 4.2 -5.602 1.122 25.132 1.571 0.739
Car -1 -1 -10 202 181 334 269 1.5 1.8 4.2 -5.408 1.505 13.394 1.571 0.673
Car -1 -1 -10 503 172 527 196 1.5 1.8 4.2 -6.596 1.461 51.953 1.571 0.662
Car -1 -1 -10 617 177 653 201 1.5 1.8 4.2 0.787 1.370 37.238 1.571 0.621
Car -1 -1 -10 519 175 539 191 1.5 1.8 4.2 -6.189 1.380 56.971 1.571 0.600
Car -1 -1 -10 539 174 557 186 1.5 1.8 4.2 -5.192 1.095 62.232 1.571 0.559
