Car -1 -1 -10 923 163 1233 345 1.5 1.8 4.2 3.835 1.432 8.103 1.571 0.997
Car -1 -1 -10 640 179 716 231 1.5 1.8 4.2 1.717 1.511 20.853 1.571 0.990
Car -1 -1 -10 169 185 381 235 1.5 1.8 4.2 -6.642 1.222 16.290 1.571 0.837
Car -1 -1 -10 431 176 493 212 1.5 1.8 4.2 -5.475 1.436 28.568 1.571 0.779
Car -1 -1 -10 501 171 525 195 1.5 1.8 4.2 -6.546 1.285 50.554 1.571 0.763
Car -1 -1 -10 616 170 664 200 1.5 1.8 4.2 1.293 1.208 34.229 1.571 0.652
Car -1 -1 -10 554 171 570 181 1.5 1.8 4.2 -4.341 0.733 67.015 1.571 0.638
Car -1 -1 -10 601 168 619 184 1.5 1.8 4.2 -0.026 0.912 61.130 1.571 0.633
Car -1 -1 -10 310 173 440 227 1.5 1.8 4.2 -5.606 1.279 19.154 1.571 0.629
Car -1 -1 -10 488 172 512 196 1.5 1.8 4.2 -6.635 1.208 45.388 1.571 0.586
Car -1 -1 -10 521 173 541 187 1.5 1.8 4.2 -6.418 1.144 60.474 1.571 0.569
Car -1 -1 -10 447 174 495 206 1.5 1.8 4.2 -5.851 1.516 35.105 1.571 0.532
Car -1 -1 -10 365 178 433 238 1.5 1.8 4.2 -4.924 1.504 18.761 1.571 0.531
