Car -1 -1 -10 734 159 848 207 1.5 1.8 4.2 5.842 1.111 25.578 1.571 0.993
Car -1 -1 -10 983 146 1093 174 1.5 1.8 4.2 21.965 0.059 39.196 1.571 0.986
Car -1 -1 -10 506 175 548 207 1.5 1.8 4.2 -3.805 1.548 34.808 1.571 0.971
Car -1 -1 -10 1141 140 1205 178 1.5 1.8 4.2 24.288 0.222 33.283 1.571 0.964
Car -1 -1 -10 666 165 694 189 1.5 1.8 4.2 3.666 0.696 40.293 1.571 0.944
Car -1 -1 -10 581 171 607 189 1.5 1.8 4.2 -1.141 1.119 52.119 1.571 0.941
Car -1 -1 -10 554 171 572 195 1.5 1.8 4.2 -3.082 1.242 48.899 1.571 0.915
Car -1 -1 -10 920 149 958 173 1.5 1.8 4.2 21.677 -0.123 49.713 1.571 0.794
Car -1 -1 -10 650 170 668 186 1.5 1.8 4.2 3.599 0.973 55.524 1.571 0.755
Car -1 -1 -10 638 171 654 185 1.5 1.8 4.2 2.679 0.913 56.382 1.571 0.689
Car -1 -1 -10 622 172 644 188 1.5 1.8 4.2 1.716 1.149 56.840 1.571 0.687
Car -1 -1 -10 957 145 1021 173 1.5 1.8 4.2 21.920 0.008 43.900 1.571 0.590
Car -1 -1 -10 529 175 559 195 1.5 1.8 4.2 -3.201 1.187 40.776 1.571 0.582
Car -1 -1 -10 883 148 923 172 1.5 1.8 4.2 19.535 -0.124 50.288 1.571 0.503
