Car -1 -1 -10 715 182 865 280 1.5 1.8 4.2 2.541 1.546 12.510 1.571 0.998
Car -1 -1 -10 8 204 204 268 1.5 1.8 4.2 -11.184 2.101 18.037 1.571 0.997
Car -1 -1 -10 1021 252 1235 370 1.5 1.8 4.2 5.922 2.275 10.429 1.571 0.991
Car -1 -1 -10 601 180 625 204 1.5 1.8 4.2 0.117 1.461 39.570 1.571 0.965
Car -1 -1 -10 664 183 704 213 1.5 1.8 4.2 2.781 1.533 29.662 1.571 0.899
Car -1 -1 -10 478 183 510 207 1.5 1.8 4.2 -7.087 2.075 45.964 1.571 0.838
Car -1 -1 -10 651 185 679 203 1.5 1.8 4.2 2.255 1.413 35.921 1.571 0.766
Car -1 -1 -10 701 182 761 238 1.5 1.8 4.2 2.514 1.382 17.405 1.571 0.655
Car -1 -1 -10 640 178 654 202 1.5 1.8 4.2 2.380 1.509 49.159 1.571 0.632
Car -1 -1 -10 466 186 498 210 1.5 1.8 4.2 -6.528 1.883 38.675 1.571 0.510
