Car -1 -1 -10 730 179 834 269 1.5 1.8 4.2 2.840 1.618 14.245 1.571 0.993
Car -1 -1 -10 5 227 239 371 1.5 1.8 4.2 -2.902 1.154 6.303 1.571 0.990
Car -1 -1 -10 434 194 522 272 1.5 1.8 4.2 -2.416 1.774 15.010 1.571 0.988
Car -1 -1 -10 827 178 883 224 1.5 1.8 4.2 7.058 1.483 23.033 1.571 0.972
Car -1 -1 -10 1000 171 1070 211 1.5 1.8 4.2 14.437 1.300 26.690 1.571 0.959
Car -1 -1 -10 282 205 480 339 1.5 1.8 4.2 -2.694 1.913 10.407 1.571 0.954
Car -1 -1 -10 1068 157 1234 319 1.5 1.8 4.2 4.883 1.334 8.690 1.571 0.930
Car -1 -1 -10 945 164 1033 198 1.5 1.8 4.2 17.815 1.184 36.095 1.571 0.891
Car -1 -1 -10 508 175 566 227 1.5 1.8 4.2 -2.403 1.746 25.373 1.571 0.883
Car -1 -1 -10 761 170 831 194 1.5 1.8 4.2 7.476 0.774 31.272 1.571 0.604
