Car -1 -1 -10 802 206 1238 376 1.5 1.8 4.2 2.644 1.339 6.857 1.571 0.999
Car -1 -1 -10 1 209 361 373 1.5 1.8 4.2 -3.523 1.616 7.927 1.571 0.998
Car -1 -1 -10 320 201 428 289 1.5 1.8 4.2 -4.047 1.965 14.307 1.571 0.992
Car -1 -1 -10 718 191 864 307 1.5 1.8 4.2 2.279 1.731 11.410 1.571 0.992
Car -1 -1 -10 485 181 519 205 1.5 1.8 4.2 -6.113 1.752 42.689 1.571 0.972
Car -1 -1 -10 650 178 744 258 1.5 1.8 4.2 1.710 1.725 16.720 1.571 0.890
Car -1 -1 -10 586 182 623 206 1.5 1.8 4.2 -0.786 1.647 37.968 1.571 0.820
Car -1 -1 -10 610 185 680 231 1.5 1.8 4.2 0.387 1.344 18.777 1.571 0.785
Car -1 -1 -10 420 176 488 236 1.5 1.8 4.2 -4.750 1.903 23.844 1.571 0.558
Car -1 -1 -10 601 184 646 214 1.5 1.8 4.2 0.031 1.577 29.756 1.571 0.552
