Car -1 -1 -10 709 163 817 207 1.5 1.8 4.2 5.544 1.247 28.462 1.571 0.984
Car -1 -1 -10 952 151 1052 175 1.5 1.8 4.2 20.253 0.111 39.452 1.571 0.982
Car -1 -1 -10 507 180 549 206 1.5 1.8 4.2 -3.943 1.577 36.435 1.571 0.948
Car -1 -1 -10 1104 144 1200 180 1.5 1.8 4.2 24.304 0.321 34.511 1.571 0.941
Car -1 -1 -10 1164 143 1240 183 1.5 1.8 4.2 22.849 0.392 30.003 1.571 0.925
Car -1 -1 -10 586 174 606 188 1.5 1.8 4.2 -1.115 1.176 58.148 1.571 0.889
Car -1 -1 -10 662 168 686 192 1.5 1.8 4.2 3.941 1.003 46.919 1.571 0.831
Car -1 -1 -10 637 174 653 186 1.5 1.8 4.2 2.595 0.985 56.205 1.571 0.818
Car -1 -1 -10 555 172 571 196 1.5 1.8 4.2 -3.254 1.244 51.564 1.571 0.790
Car -1 -1 -10 619 173 641 189 1.5 1.8 4.2 1.499 1.233 57.216 1.571 0.609
Car -1 -1 -10 572 177 584 189 1.5 1.8 4.2 -2.539 1.267 58.738 1.571 0.543
