Car -1 -1 -10 376 180 460 232 1.5 1.8 4.2 -5.983 1.828 24.402 1.571 0.996
Car -1 -1 -10 103 196 209 262 1.5 1.8 4.2 -9.397 1.834 16.950 1.571 0.994
Car -1 -1 -10 0 202 154 356 1.5 1.8 4.2 -5.648 1.921 9.667 1.571 0.994
Car -1 -1 -10 693 180 771 232 1.5 1.8 4.2 3.320 1.634 22.031 1.571 0.990
Car -1 -1 -10 1154 163 1242 369 1.5 1.8 4.2 3.072 1.045 5.943 1.571 0.978
Car -1 -1 -10 338 183 400 219 1.5 1.8 4.2 -9.424 1.796 30.180 1.571 0.975
Car -1 -1 -10 194 180 304 244 1.5 1.8 4.2 -9.728 1.907 21.442 1.571 0.960
Car -1 -1 -10 509 181 549 205 1.5 1.8 4.2 -4.391 1.727 40.873 1.571 0.945
Car -1 -1 -10 587 178 657 238 1.5 1.8 4.2 0.241 1.589 19.701 1.571 0.932
Car -1 -1 -10 755 177 889 257 1.5 1.8 4.2 4.001 1.609 15.901 1.571 0.843
Car -1 -1 -10 476 180 512 206 1.5 1.8 4.2 -7.171 2.039 46.485 1.571 0.809
