Car -1 -1 -10 838 222 1262 364 1.5 1.8 4.2 2.397 1.067 6.129 1.571 0.998
Car -1 -1 -10 246 207 444 345 1.5 1.8 4.2 -3.410 2.178 11.230 1.571 0.994
Car -1 -1 -10 729 200 919 346 1.5 1.8 4.2 2.231 1.851 9.815 1.571 0.991
Car -1 -1 -10 421 209 485 279 1.5 1.8 4.2 -3.394 2.258 17.454 1.571 0.990
Car -1 -1 -10 685 200 767 264 1.5 1.8 4.2 2.140 1.723 15.744 1.571 0.956
Car -1 -1 -10 455 202 513 252 1.5 1.8 4.2 -3.366 2.082 21.085 1.571 0.863
Car -1 -1 -10 665 194 723 250 1.5 1.8 4.2 2.079 1.956 20.394 1.571 0.806
Car -1 -1 -10 629 196 659 220 1.5 1.8 4.2 1.861 2.633 42.395 1.571 0.768
Car -1 -1 -10 468 206 527 244 1.5 1.8 4.2 -3.427 2.429 26.735 1.571 0.688
Car -1 -1 -10 662 195 729 239 1.5 1.8 4.2 1.988 1.953 23.407 1.571 0.612
