Car -1 -1 -10 7 200 341 358 1.5 1.8 4.2 -4.309 1.805 9.135 1.571 0.998
Car -1 -1 -10 787 188 1059 338 1.5 1.8 4.2 2.982 1.603 9.107 1.571 0.998
Car -1 -1 -10 1002 224 1232 370 1.5 1.8 4.2 2.958 1.173 6.394 1.571 0.997
Car -1 -1 -10 748 189 854 263 1.5 1.8 4.2 3.121 1.498 14.096 1.571 0.985
Car -1 -1 -10 473 183 529 217 1.5 1.8 4.2 -4.156 1.665 29.311 1.571 0.982
Car -1 -1 -10 713 181 779 239 1.5 1.8 4.2 3.144 1.554 19.055 1.571 0.981
Car -1 -1 -10 306 193 426 275 1.5 1.8 4.2 -4.233 1.749 14.457 1.571 0.968
Car -1 -1 -10 691 182 731 222 1.5 1.8 4.2 3.065 1.515 24.346 1.571 0.911
Car -1 -1 -10 516 184 540 208 1.5 1.8 4.2 -3.450 1.418 32.071 1.571 0.787
Car -1 -1 -10 625 176 661 194 1.5 1.8 4.2 2.551 1.652 58.494 1.571 0.748
Car -1 -1 -10 980 179 1066 217 1.5 1.8 4.2 10.306 1.107 20.195 1.571 0.677
Car -1 -1 -10 1167 178 1235 222 1.5 1.8 4.2 18.834 1.570 25.152 1.571 0.675
Car -1 -1 -10 144 180 200 204 1.5 1.8 4.2 -22.686 1.403 39.406 1.571 0.569
