Car -1 -1 -10 -3 179 91 305 1.5 1.8 4.2 -7.274 1.685 11.301 1.571 0.992
Car -1 -1 -10 67 179 219 265 1.5 1.8 4.2 -8.775 1.720 15.574 1.571 0.978
Car -1 -1 -10 648 171 674 191 1.5 1.8 4.2 3.705 1.329 54.945 1.571 0.935
Car -1 -1 -10 382 179 444 213 1.5 1.8 4.2 -7.308 1.480 28.698 1.571 0.903
Car -1 -1 -10 221 181 331 245 1.5 1.8 4.2 -7.259 1.556 17.668 1.571 0.883
Car -1 -1 -10 453 178 475 202 1.5 1.8 4.2 -7.077 1.404 36.870 1.571 0.810
Car -1 -1 -10 474 173 496 197 1.5 1.8 4.2 -7.670 1.230 46.170 1.571 0.774
Car -1 -1 -10 870 153 910 177 1.5 1.8 4.2 14.062 -0.094 38.440 1.571 0.702
Car -1 -1 -10 672 169 694 185 1.5 1.8 4.2 5.771 0.964 59.407 1.571 0.577
Car -1 -1 -10 1170 149 1240 179 1.5 1.8 4.2 13.441 0.139 18.463 1.571 0.547
Car -1 -1 -10 356 176 412 208 1.5 1.8 4.2 -9.226 1.428 31.415 1.571 0.511
