Car -1 -1 -10 829 217 1241 369 1.5 1.8 4.2 2.122 1.007 5.805 1.571 0.999
Car -1 -1 -10 566 187 626 235 1.5 1.8 4.2 -0.446 1.759 22.524 1.571 0.997
Car -1 -1 -10 60 189 268 313 1.5 1.8 4.2 -5.792 1.802 11.379 1.571 0.997
Car -1 -1 -10 732 210 948 348 1.5 1.8 4.2 2.168 1.695 9.083 1.571 0.996
Car -1 -1 -10 246 206 474 348 1.5 1.8 4.2 -2.402 1.642 8.866 1.571 0.992
Car -1 -1 -10 691 186 789 272 1.5 1.8 4.2 2.314 1.806 15.243 1.571 0.988
Car -1 -1 -10 374 190 508 284 1.5 1.8 4.2 -1.972 1.259 10.275 1.571 0.975
Car -1 -1 -10 529 183 561 209 1.5 1.8 4.2 -3.631 1.998 41.990 1.571 0.961
Car -1 -1 -10 235 185 295 219 1.5 1.8 4.2 -14.376 1.917 32.074 1.571 0.953
Car -1 -1 -10 500 184 532 206 1.5 1.8 4.2 -6.677 2.343 53.110 1.571 0.750
Car -1 -1 -10 415 185 526 259 1.5 1.8 4.2 -2.218 1.680 16.170 1.571 0.691
Car -1 -1 -10 452 190 530 242 1.5 1.8 4.2 -2.401 1.692 19.758 1.571 0.650
Car -1 -1 -10 606 185 628 203 1.5 1.8 4.2 0.475 2.175 54.159 1.571 0.502
