Car -1 -1 -10 188 189 350 275 1.5 1.8 4.2 -5.981 1.775 14.641 1.571 0.998
Car -1 -1 -10 876 173 1070 315 1.5 1.8 4.2 3.549 1.412 9.269 1.571 0.998
Car -1 -1 -10 780 174 930 262 1.5 1.8 4.2 3.511 1.297 12.604 1.571 0.992
Car -1 -1 -10 585 172 637 212 1.5 1.8 4.2 -0.011 1.377 27.481 1.571 0.965
Car -1 -1 -10 1047 159 1243 371 1.5 1.8 4.2 2.790 1.055 5.943 1.571 0.957
Car -1 -1 -10 697 172 793 222 1.5 1.8 4.2 3.776 1.392 22.548 1.571 0.870
Car -1 -1 -10 470 178 512 202 1.5 1.8 4.2 -8.244 1.942 51.892 1.571 0.773
Car -1 -1 -10 418 171 472 199 1.5 1.8 4.2 -9.543 1.506 43.670 1.571 0.686
Car -1 -1 -10 665 175 719 205 1.5 1.8 4.2 3.328 1.321 31.768 1.571 0.657
Car -1 -1 -10 554 169 572 183 1.5 1.8 4.2 -3.970 0.851 62.663 1.571 0.557
Car -1 -1 -10 403 177 427 193 1.5 1.8 4.2 -13.749 1.417 52.860 1.571 0.512
