Car -1 -1 -10 581 187 641 227 1.5 1.8 4.2 -0.018 1.670 24.355 1.571 0.996
Car -1 -1 -10 24 186 318 348 1.5 1.8 4.2 -3.827 1.503 8.295 1.571 0.991
Car -1 -1 -10 327 180 477 250 1.5 1.8 4.2 -3.866 1.414 15.324 1.571 0.988
Car -1 -1 -10 984 185 1194 267 1.5 1.8 4.2 8.959 1.771 15.676 1.571 0.919
Car -1 -1 -10 415 181 489 243 1.5 1.8 4.2 -3.299 1.441 16.921 1.571 0.840
Car -1 -1 -10 1 222 39 372 1.5 1.8 4.2 -5.075 1.693 8.234 1.571 0.828
Car -1 -1 -10 19 180 89 214 1.5 1.8 4.2 -13.121 0.967 19.060 1.571 0.820
Car -1 -1 -10 546 176 574 204 1.5 1.8 4.2 -2.723 1.672 40.841 1.571 0.818
Car -1 -1 -10 636 179 666 199 1.5 1.8 4.2 3.051 1.964 56.296 1.571 0.771
Car -1 -1 -10 1 187 55 281 1.5 1.8 4.2 -5.830 1.072 9.257 1.571 0.565
Car -1 -1 -10 959 180 1105 248 1.5 1.8 4.2 7.903 1.417 15.704 1.571 0.538
