Car -1 -1 -10 757 186 903 282 1.5 1.8 4.2 3.017 1.525 12.180 1.571 0.995
Car -1 -1 -10 6 200 266 360 1.5 1.8 4.2 -4.080 1.588 8.222 1.571 0.991
Car -1 -1 -10 720 179 798 243 1.5 1.8 4.2 3.008 1.441 16.926 1.571 0.986
Car -1 -1 -10 237 199 397 293 1.5 1.8 4.2 -4.272 1.729 12.483 1.571 0.978
Car -1 -1 -10 460 181 516 219 1.5 1.8 4.2 -4.276 1.599 27.113 1.571 0.976
Car -1 -1 -10 808 200 1264 376 1.5 1.8 4.2 2.910 1.416 7.129 1.571 0.955
Car -1 -1 -10 695 177 747 223 1.5 1.8 4.2 3.117 1.430 22.685 1.571 0.762
Car -1 -1 -10 517 182 539 206 1.5 1.8 4.2 -3.435 1.329 31.937 1.571 0.643
Car -1 -1 -10 632 175 662 189 1.5 1.8 4.2 2.978 1.311 60.686 1.571 0.556
Car -1 -1 -10 505 182 531 208 1.5 1.8 4.2 -3.552 1.339 29.599 1.571 0.522
