Car -1 -1 -10 682 188 798 276 1.5 1.8 4.2 1.871 1.528 12.791 1.571 0.995
Car -1 -1 -10 261 184 495 338 1.5 1.8 4.2 -2.487 1.729 9.657 1.571 0.966
Car -1 -1 -10 662 183 728 237 1.5 1.8 4.2 1.956 1.515 19.146 1.571 0.784
Car -1 -1 -10 641 186 705 228 1.5 1.8 4.2 1.322 1.575 22.718 1.571 0.768
Car -1 -1 -10 378 187 507 273 1.5 1.8 4.2 -1.929 1.399 12.185 1.571 0.718
Car -1 -1 -10 594 182 626 198 1.5 1.8 4.2 -0.030 1.812 54.088 1.571 0.672
Car -1 -1 -10 520 185 552 211 1.5 1.8 4.2 -3.296 1.676 33.816 1.571 0.618
Car -1 -1 -10 449 189 527 241 1.5 1.8 4.2 -2.248 1.526 18.264 1.571 0.589
Car -1 -1 -10 561 181 590 199 1.5 1.8 4.2 -1.672 1.527 44.255 1.571 0.543
Car -1 -1 -10 530 177 574 205 1.5 1.8 4.2 -2.366 1.557 37.049 1.571 0.534
