Car -1 -1 -10 272 195 494 355 1.5 1.8 4.2 -2.286 1.787 9.182 1.571 0.998
Car -1 -1 -10 5 231 337 369 1.5 1.8 4.2 -2.389 1.040 5.928 1.571 0.995
Car -1 -1 -10 1015 162 1119 202 1.5 1.8 4.2 18.065 1.155 30.693 1.571 0.993
Car -1 -1 -10 765 168 879 210 1.5 1.8 4.2 7.335 1.293 27.223 1.571 0.984
Car -1 -1 -10 678 165 742 183 1.5 1.8 4.2 7.173 0.731 54.075 1.571 0.976
Car -1 -1 -10 824 190 1052 346 1.5 1.8 4.2 2.891 1.557 8.588 1.571 0.975
Car -1 -1 -10 465 179 537 245 1.5 1.8 4.2 -2.649 1.719 19.296 1.571 0.970
Car -1 -1 -10 1118 171 1224 221 1.5 1.8 4.2 15.479 1.332 22.072 1.571 0.948
Car -1 -1 -10 497 186 560 228 1.5 1.8 4.2 -1.971 1.630 23.432 1.571 0.763
Car -1 -1 -10 1221 165 1241 189 1.5 1.8 4.2 31.120 0.760 38.305 1.571 0.612
Car -1 -1 -10 815 177 965 243 1.5 1.8 4.2 2.618 0.670 8.996 1.571 0.555
Car -1 -1 -10 1099 153 1145 177 1.5 1.8 4.2 28.531 0.008 42.361 1.571 0.514
