Car -1 -1 -10 846 201 1236 377 1.5 1.8 4.2 3.092 1.492 7.375 1.571 0.997
Car -1 -1 -10 273 195 453 337 1.5 1.8 4.2 -2.908 1.895 10.429 1.571 0.986
Car -1 -1 -10 14 217 254 371 1.5 1.8 4.2 -2.612 1.062 5.968 1.571 0.957
Car -1 -1 -10 548 177 584 201 1.5 1.8 4.2 -2.490 1.569 42.319 1.571 0.956
Car -1 -1 -10 746 173 896 291 1.5 1.8 4.2 3.037 1.731 12.675 1.571 0.954
Car -1 -1 -10 710 181 772 247 1.5 1.8 4.2 2.219 1.286 14.620 1.571 0.938
Car -1 -1 -10 679 177 748 223 1.5 1.8 4.2 2.602 1.493 23.590 1.571 0.919
Car -1 -1 -10 654 176 696 204 1.5 1.8 4.2 2.552 1.524 37.402 1.571 0.856
Car -1 -1 -10 465 168 553 232 1.5 1.8 4.2 -2.685 1.543 20.922 1.571 0.781
Car -1 -1 -10 1129 304 1239 374 1.5 1.8 4.2 4.030 1.433 7.240 1.571 0.741
