Car -1 -1 -10 747 202 973 326 1.5 1.8 4.2 2.550 1.597 9.626 1.571 0.999
Car -1 -1 -10 673 184 755 242 1.5 1.8 4.2 2.319 1.576 18.551 1.571 0.996
Car -1 -1 -10 6 199 218 347 1.5 1.8 4.2 -4.975 1.719 9.224 1.571 0.988
Car -1 -1 -10 207 194 353 272 1.5 1.8 4.2 -5.109 1.518 13.149 1.571 0.950
Car -1 -1 -10 59 199 289 285 1.5 1.8 4.2 -5.433 1.382 10.997 1.571 0.910
Car -1 -1 -10 -4 228 76 370 1.5 1.8 4.2 -5.213 1.770 8.580 1.571 0.859
Car -1 -1 -10 372 186 490 228 1.5 1.8 4.2 -5.319 1.623 23.342 1.571 0.858
Car -1 -1 -10 632 172 664 196 1.5 1.8 4.2 2.199 1.361 44.545 1.571 0.673
Car -1 -1 -10 657 181 695 217 1.5 1.8 4.2 2.038 1.395 24.907 1.571 0.670
Car -1 -1 -10 269 183 409 245 1.5 1.8 4.2 -5.120 1.348 15.587 1.571 0.670
