Car -1 -1 -10 765 181 917 283 1.5 1.8 4.2 3.303 1.601 12.591 1.571 0.999
Car -1 -1 -10 4 220 218 378 1.5 1.8 4.2 -3.011 1.213 6.368 1.571 0.997
Car -1 -1 -10 904 204 1228 380 1.5 1.8 4.2 2.916 1.351 6.808 1.571 0.993
Car -1 -1 -10 631 173 701 215 1.5 1.8 4.2 2.018 1.553 28.687 1.571 0.987
Car -1 -1 -10 460 183 558 247 1.5 1.8 4.2 -2.383 1.711 18.751 1.571 0.981
Car -1 -1 -10 701 172 729 196 1.5 1.8 4.2 5.603 1.243 40.869 1.571 0.904
Car -1 -1 -10 823 166 855 182 1.5 1.8 4.2 17.404 0.696 57.026 1.571 0.850
Car -1 -1 -10 902 156 978 196 1.5 1.8 4.2 13.691 0.963 32.131 1.571 0.791
Car -1 -1 -10 749 176 857 248 1.5 1.8 4.2 2.998 1.188 13.514 1.571 0.759
Car -1 -1 -10 741 165 779 185 1.5 1.8 4.2 11.094 0.900 55.605 1.571 0.753
Car -1 -1 -10 733 169 759 187 1.5 1.8 4.2 9.802 1.022 54.267 1.571 0.711
Car -1 -1 -10 793 171 829 183 1.5 1.8 4.2 15.729 0.795 58.663 1.571 0.688
Car -1 -1 -10 978 153 1020 195 1.5 1.8 4.2 16.293 0.930 32.401 1.571 0.680
