Car -1 -1 -10 210 167 540 335 1.5 1.8 4.2 -2.484 1.674 9.550 1.571 0.991
Car -1 -1 -10 680 169 708 193 1.5 1.8 4.2 5.182 1.065 46.914 1.571 0.953
Car -1 -1 -10 734 171 754 187 1.5 1.8 4.2 9.922 1.050 55.683 1.571 0.948
Car -1 -1 -10 718 172 732 184 1.5 1.8 4.2 9.249 0.899 60.298 1.571 0.909
Car -1 -1 -10 1202 155 1236 171 1.5 1.8 4.2 44.844 -0.137 55.266 1.571 0.904
Car -1 -1 -10 1170 153 1202 177 1.5 1.8 4.2 39.665 0.079 51.827 1.571 0.854
Car -1 -1 -10 513 177 547 201 1.5 1.8 4.2 -5.147 1.671 48.218 1.571 0.837
Car -1 -1 -10 1136 154 1172 178 1.5 1.8 4.2 34.985 0.073 48.548 1.571 0.701
Car -1 -1 -10 1039 157 1077 181 1.5 1.8 4.2 26.714 0.307 45.183 1.571 0.695
Car -1 -1 -10 108 191 250 253 1.5 1.8 4.2 -10.385 1.921 19.398 1.571 0.689
Car -1 -1 -10 1103 155 1139 179 1.5 1.8 4.2 29.250 0.123 43.453 1.571 0.581
