Car -1 -1 -10 384 185 472 259 1.5 1.8 4.2 -4.251 1.987 18.745 1.571 0.994
Car -1 -1 -10 6 188 314 376 1.5 1.8 4.2 -2.272 0.998 5.647 1.571 0.992
Car -1 -1 -10 455 187 505 233 1.5 1.8 4.2 -3.945 1.802 23.726 1.571 0.990
Car -1 -1 -10 239 201 401 309 1.5 1.8 4.2 -4.109 1.902 12.183 1.571 0.986
Car -1 -1 -10 497 182 544 212 1.5 1.8 4.2 -3.800 1.886 36.874 1.571 0.966
Car -1 -1 -10 682 176 744 212 1.5 1.8 4.2 3.947 1.517 30.066 1.571 0.929
Car -1 -1 -10 1159 145 1239 183 1.5 1.8 4.2 23.537 0.406 30.987 1.571 0.884
Car -1 -1 -10 618 177 658 207 1.5 1.8 4.2 1.425 1.785 39.835 1.571 0.875
Car -1 -1 -10 483 182 519 220 1.5 1.8 4.2 -4.053 1.733 28.622 1.571 0.836
Car -1 -1 -10 652 180 674 204 1.5 1.8 4.2 3.215 1.849 46.352 1.571 0.793
Car -1 -1 -10 519 182 555 206 1.5 1.8 4.2 -3.498 1.791 41.102 1.571 0.765
Car -1 -1 -10 903 143 1099 205 1.5 1.8 4.2 3.286 0.275 8.271 1.571 0.588
