Car -1 -1 -10 592 188 740 278 1.5 1.8 4.2 0.798 1.601 13.090 1.571 0.998
Car -1 -1 -10 -2 224 128 382 1.5 1.8 4.2 -5.245 1.983 8.941 1.571 0.983
Car -1 -1 -10 73 205 223 309 1.5 1.8 4.2 -6.834 1.997 12.686 1.571 0.980
Car -1 -1 -10 485 189 545 221 1.5 1.8 4.2 -3.326 1.662 27.008 1.571 0.965
Car -1 -1 -10 392 186 412 194 1.5 1.8 4.2 -17.323 1.758 62.104 1.571 0.919
Car -1 -1 -10 680 169 772 199 1.5 1.8 4.2 4.287 0.976 29.048 1.571 0.917
Car -1 -1 -10 761 143 1239 375 1.5 1.8 4.2 4.788 2.511 11.063 1.571 0.903
Car -1 -1 -10 310 188 358 214 1.5 1.8 4.2 -13.962 2.075 38.495 1.571 0.897
Car -1 -1 -10 355 186 375 202 1.5 1.8 4.2 -17.542 2.083 53.673 1.571 0.879
Car -1 -1 -10 428 181 440 187 1.5 1.8 4.2 -14.879 1.194 62.997 1.571 0.705
Car -1 -1 -10 645 171 683 195 1.5 1.8 4.2 3.223 1.095 45.635 1.571 0.547
Car -1 -1 -10 481 183 511 207 1.5 1.8 4.2 -4.416 1.194 29.764 1.571 0.534
