Car -1 -1 -10 796 179 1016 333 1.5 1.8 4.2 2.759 1.524 8.966 1.571 0.985
Car -1 -1 -10 210 177 298 211 1.5 1.8 4.2 -14.376 1.535 31.147 1.571 0.964
Car -1 -1 -10 418 175 476 207 1.5 1.8 4.2 -6.373 1.325 30.110 1.571 0.936
Car -1 -1 -10 715 167 775 199 1.5 1.8 4.2 5.710 1.114 32.852 1.571 0.936
Car -1 -1 -10 119 176 191 212 1.5 1.8 4.2 -18.831 1.616 31.893 1.571 0.789
Car -1 -1 -10 773 163 811 197 1.5 1.8 4.2 8.061 1.075 34.226 1.571 0.718
Car -1 -1 -10 972 247 1238 379 1.5 1.8 4.2 4.478 1.889 8.713 1.571 0.671
Car -1 -1 -10 582 161 642 201 1.5 1.8 4.2 0.032 1.084 29.901 1.571 0.619
Car -1 -1 -10 346 162 410 208 1.5 1.8 4.2 -9.247 1.394 30.719 1.571 0.594
Car -1 -1 -10 181 183 223 207 1.5 1.8 4.2 -17.656 1.431 33.247 1.571 0.502
