Car -1 -1 -10 581 184 669 244 1.5 1.8 4.2 0.268 1.521 17.528 1.571 0.998
Car -1 -1 -10 203 183 277 235 1.5 1.8 4.2 -10.447 1.746 22.376 1.571 0.974
Car -1 -1 -10 312 173 382 209 1.5 1.8 4.2 -10.255 1.403 30.110 1.571 0.920
Car -1 -1 -10 456 180 514 222 1.5 1.8 4.2 -3.669 1.423 22.992 1.571 0.905
Car -1 -1 -10 518 180 554 204 1.5 1.8 4.2 -3.056 1.422 35.052 1.571 0.861
Car -1 -1 -10 661 172 715 208 1.5 1.8 4.2 3.057 1.625 35.470 1.571 0.850
Car -1 -1 -10 577 177 611 215 1.5 1.8 4.2 -0.592 1.435 26.677 1.571 0.664
Car -1 -1 -10 503 180 531 210 1.5 1.8 4.2 -3.390 1.335 28.045 1.571 0.597
Car -1 -1 -10 685 159 771 239 1.5 1.8 4.2 2.841 1.621 19.787 1.571 0.595
Car -1 -1 -10 1199 184 1241 240 1.5 1.8 4.2 12.996 1.436 17.534 1.571 0.590
