Car -1 -1 -10 799 192 1071 350 1.5 1.8 4.2 2.586 1.441 7.970 1.571 0.999
Car -1 -1 -10 144 184 304 248 1.5 1.8 4.2 -8.552 1.654 17.987 1.571 0.998
Car -1 -1 -10 416 184 490 238 1.5 1.8 4.2 -4.613 1.893 23.074 1.571 0.993
Car -1 -1 -10 -5 238 93 370 1.5 1.8 4.2 -3.843 1.318 6.923 1.571 0.993
Car -1 -1 -10 693 180 797 254 1.5 1.8 4.2 2.439 1.498 15.424 1.571 0.988
Car -1 -1 -10 958 222 1232 370 1.5 1.8 4.2 2.336 0.974 5.664 1.571 0.986
Car -1 -1 -10 660 181 694 217 1.5 1.8 4.2 2.359 1.584 27.999 1.571 0.934
Car -1 -1 -10 530 178 556 202 1.5 1.8 4.2 -5.573 2.413 61.839 1.571 0.888
Car -1 -1 -10 446 179 512 223 1.5 1.8 4.2 -3.890 1.675 26.211 1.571 0.876
Car -1 -1 -10 688 179 781 241 1.5 1.8 4.2 1.904 1.389 16.808 1.571 0.753
Car -1 -1 -10 476 179 533 217 1.5 1.8 4.2 -3.596 1.667 29.355 1.571 0.723
Car -1 -1 -10 586 177 608 189 1.5 1.8 4.2 -1.089 1.320 61.094 1.571 0.686
Car -1 -1 -10 677 180 741 222 1.5 1.8 4.2 2.118 1.268 20.727 1.571 0.522
