Car -1 -1 -10 450 182 516 232 1.5 1.8 4.2 -3.370 1.545 20.957 1.571 0.999
Car -1 -1 -10 -12 218 384 374 1.5 1.8 4.2 -2.789 1.294 6.745 1.571 0.981
Car -1 -1 -10 630 167 692 233 1.5 1.8 4.2 1.352 1.653 21.931 1.571 0.941
Car -1 -1 -10 487 182 529 210 1.5 1.8 4.2 -3.640 1.451 30.294 1.571 0.927
Car -1 -1 -10 504 180 536 200 1.5 1.8 4.2 -4.132 1.354 38.106 1.571 0.814
Car -1 -1 -10 573 172 585 184 1.5 1.8 4.2 -2.385 0.847 56.939 1.571 0.755
Car -1 -1 -10 542 176 552 186 1.5 1.8 4.2 -5.532 1.149 65.182 1.571 0.751
Car -1 -1 -10 528 177 542 191 1.5 1.8 4.2 -6.056 1.458 60.105 1.571 0.556
Car -1 -1 -10 587 173 607 191 1.5 1.8 4.2 -1.057 1.437 59.248 1.571 0.538
Car -1 -1 -10 613 176 668 212 1.5 1.8 4.2 0.511 1.553 30.732 1.571 0.510
