Car -1 -1 -10 679 170 779 202 1.5 1.8 4.2 4.423 1.094 29.195 1.571 0.964
Car -1 -1 -10 498 183 532 207 1.5 1.8 4.2 -4.957 1.767 39.450 1.571 0.948
Car -1 -1 -10 1002 154 1078 182 1.5 1.8 4.2 20.660 0.440 36.837 1.571 0.921
Car -1 -1 -10 634 172 656 196 1.5 1.8 4.2 2.290 1.270 49.983 1.571 0.880
Car -1 -1 -10 538 182 552 194 1.5 1.8 4.2 -4.574 1.478 52.526 1.571 0.814
Car -1 -1 -10 605 178 625 192 1.5 1.8 4.2 0.378 1.548 60.464 1.571 0.802
Car -1 -1 -10 897 155 979 179 1.5 1.8 4.2 7.516 0.142 18.749 1.571 0.748
Car -1 -1 -10 512 182 541 200 1.5 1.8 4.2 -4.534 1.606 44.803 1.571 0.726
Car -1 -1 -10 1061 153 1111 185 1.5 1.8 4.2 20.406 0.522 33.098 1.571 0.700
Car -1 -1 -10 585 180 601 190 1.5 1.8 4.2 -1.466 1.453 63.262 1.571 0.698
Car -1 -1 -10 826 160 856 178 1.5 1.8 4.2 16.962 0.378 55.176 1.571 0.690
Car -1 -1 -10 572 180 588 190 1.5 1.8 4.2 -2.376 1.342 58.580 1.571 0.683
Car -1 -1 -10 558 180 570 190 1.5 1.8 4.2 -3.663 1.355 59.121 1.571 0.558
