Car -1 -1 -10 398 184 524 240 1.5 1.8 4.2 -3.927 1.747 20.873 1.571 0.976
Car -1 -1 -10 608 175 674 207 1.5 1.8 4.2 1.199 1.369 31.031 1.571 0.937
Car -1 -1 -10 1139 152 1173 170 1.5 1.8 4.2 40.134 -0.210 55.177 1.571 0.900
Car -1 -1 -10 1080 152 1116 176 1.5 1.8 4.2 31.816 -0.056 49.191 1.571 0.890
Car -1 -1 -10 546 174 578 194 1.5 1.8 4.2 -3.656 1.598 56.623 1.571 0.735
Car -1 -1 -10 520 178 548 202 1.5 1.8 4.2 -4.794 1.637 47.282 1.571 0.721
Car -1 -1 -10 798 159 828 171 1.5 1.8 4.2 15.927 -0.146 58.809 1.571 0.685
Car -1 -1 -10 1026 152 1058 176 1.5 1.8 4.2 28.952 -0.125 50.510 1.571 0.675
Car -1 -1 -10 350 184 384 200 1.5 1.8 4.2 -18.395 2.051 56.636 1.571 0.624
Car -1 -1 -10 735 173 751 183 1.5 1.8 4.2 11.232 0.858 63.171 1.571 0.619
Car -1 -1 -10 672 175 688 191 1.5 1.8 4.2 5.422 1.412 58.273 1.571 0.615
Car -1 -1 -10 1005 152 1033 176 1.5 1.8 4.2 27.024 -0.123 49.833 1.571 0.608
Car -1 -1 -10 1172 150 1238 168 1.5 1.8 4.2 44.016 -0.360 55.513 1.571 0.597
Car -1 -1 -10 383 183 415 201 1.5 1.8 4.2 -18.060 2.406 63.774 1.571 0.532
