Car -1 -1 -10 469 182 539 236 1.5 1.8 4.2 -2.994 1.753 22.139 1.571 0.981
Car -1 -1 -10 664 183 726 239 1.5 1.8 4.2 1.845 1.476 18.205 1.571 0.976
Car -1 -1 -10 201 190 465 360 1.5 1.8 4.2 -2.399 1.581 8.196 1.571 0.965
Car -1 -1 -10 727 158 983 348 1.5 1.8 4.2 2.095 1.539 8.442 1.571 0.965
Car -1 -1 -10 537 180 565 204 1.5 1.8 4.2 -3.170 1.493 40.388 1.571 0.951
Car -1 -1 -10 708 184 834 268 1.5 1.8 4.2 1.619 1.265 11.693 1.571 0.940
Car -1 -1 -10 607 174 621 184 1.5 1.8 4.2 0.275 0.846 56.892 1.571 0.749
Car -1 -1 -10 574 178 584 186 1.5 1.8 4.2 -2.649 1.112 63.177 1.571 0.721
Car -1 -1 -10 551 177 571 201 1.5 1.8 4.2 -2.840 1.381 43.369 1.571 0.656
Car -1 -1 -10 627 173 653 197 1.5 1.8 4.2 1.961 1.471 50.052 1.571 0.533
