Car -1 -1 -10 678 187 764 249 1.5 1.8 4.2 2.499 1.750 18.682 1.571 0.996
Car -1 -1 -10 391 201 505 283 1.5 1.8 4.2 -2.745 1.829 14.084 1.571 0.988
Car -1 -1 -10 523 190 561 224 1.5 1.8 4.2 -2.642 1.953 29.651 1.571 0.961
Car -1 -1 -10 646 181 682 219 1.5 1.8 4.2 2.002 1.749 29.454 1.571 0.904
Car -1 -1 -10 556 187 574 211 1.5 1.8 4.2 -2.277 1.797 37.968 1.571 0.886
Car -1 -1 -10 660 188 723 230 1.5 1.8 4.2 2.075 1.838 25.312 1.571 0.882
Car -1 -1 -10 634 183 667 205 1.5 1.8 4.2 2.077 2.120 49.682 1.571 0.856
Car -1 -1 -10 575 188 585 200 1.5 1.8 4.2 -2.357 2.107 58.110 1.571 0.807
Car -1 -1 -10 420 187 525 257 1.5 1.8 4.2 -2.279 1.628 16.065 1.571 0.763
Car -1 -1 -10 623 183 637 197 1.5 1.8 4.2 1.587 1.947 60.300 1.571 0.720
