Car -1 -1 -10 304 194 436 262 1.5 1.8 4.2 -5.038 1.851 17.088 1.571 0.993
Car -1 -1 -10 189 194 255 228 1.5 1.8 4.2 -14.146 2.004 28.320 1.571 0.984
Car -1 -1 -10 443 175 703 297 1.5 1.8 4.2 -0.553 1.666 11.785 1.571 0.977
Car -1 -1 -10 138 186 168 204 1.5 1.8 4.2 -35.436 2.413 58.004 1.571 0.950
Car -1 -1 -10 700 178 764 220 1.5 1.8 4.2 3.185 1.250 21.234 1.571 0.918
Car -1 -1 -10 774 180 882 232 1.5 1.8 4.2 5.086 1.394 19.105 1.571 0.886
Car -1 -1 -10 390 179 470 215 1.5 1.8 4.2 -7.800 1.816 33.195 1.571 0.884
Car -1 -1 -10 2 191 14 221 1.5 1.8 4.2 -40.317 3.222 50.384 1.571 0.873
Car -1 -1 -10 167 190 215 222 1.5 1.8 4.2 -17.313 2.025 31.838 1.571 0.831
Car -1 -1 -10 30 192 56 204 1.5 1.8 4.2 -46.003 2.525 60.607 1.571 0.824
Car -1 -1 -10 65 189 89 199 1.5 1.8 4.2 -40.406 1.980 56.760 1.571 0.817
Car -1 -1 -10 844 168 1008 228 1.5 1.8 4.2 8.625 1.514 21.908 1.571 0.733
