Car -1 -1 -10 703 166 813 204 1.5 1.8 4.2 5.110 1.085 27.242 1.571 0.987
Car -1 -1 -10 948 153 1026 177 1.5 1.8 4.2 21.985 0.183 44.246 1.571 0.977
Car -1 -1 -10 507 179 547 205 1.5 1.8 4.2 -4.153 1.592 37.849 1.571 0.940
Car -1 -1 -10 1064 148 1174 182 1.5 1.8 4.2 23.684 0.426 35.732 1.571 0.939
Car -1 -1 -10 585 175 605 189 1.5 1.8 4.2 -1.213 1.276 59.144 1.571 0.927
Car -1 -1 -10 652 168 676 192 1.5 1.8 4.2 3.496 1.055 49.259 1.571 0.919
Car -1 -1 -10 555 178 571 190 1.5 1.8 4.2 -3.382 1.222 53.551 1.571 0.801
Car -1 -1 -10 531 180 558 198 1.5 1.8 4.2 -3.505 1.478 44.526 1.571 0.721
Car -1 -1 -10 1133 146 1233 184 1.5 1.8 4.2 22.312 0.435 30.253 1.571 0.676
Car -1 -1 -10 571 177 587 189 1.5 1.8 4.2 -2.389 1.229 57.035 1.571 0.647
Car -1 -1 -10 619 173 639 189 1.5 1.8 4.2 1.622 1.398 64.603 1.571 0.646
Car -1 -1 -10 635 173 651 187 1.5 1.8 4.2 2.533 1.098 58.098 1.571 0.615
