Car -1 -1 -10 163 189 373 323 1.5 1.8 4.2 -4.010 1.735 10.440 1.571 0.991
Car -1 -1 -10 5 222 197 374 1.5 1.8 4.2 -4.066 1.583 7.781 1.571 0.987
Car -1 -1 -10 727 172 781 226 1.5 1.8 4.2 3.613 1.352 20.460 1.571 0.980
Car -1 -1 -10 519 172 571 204 1.5 1.8 4.2 -2.948 1.392 34.358 1.571 0.958
Car -1 -1 -10 589 172 611 184 1.5 1.8 4.2 -0.763 0.817 55.029 1.571 0.897
Car -1 -1 -10 691 167 723 201 1.5 1.8 4.2 4.163 1.220 33.390 1.571 0.746
Car -1 -1 -10 598 171 618 181 1.5 1.8 4.2 -0.178 0.605 55.746 1.571 0.684
Car -1 -1 -10 759 161 909 259 1.5 1.8 4.2 3.468 1.355 13.450 1.571 0.655
Car -1 -1 -10 689 171 726 195 1.5 1.8 4.2 4.189 1.052 36.394 1.571 0.650
Car -1 -1 -10 567 170 585 194 1.5 1.8 4.2 -1.961 0.970 42.921 1.571 0.638
Car -1 -1 -10 635 170 649 178 1.5 1.8 4.2 2.591 0.421 61.112 1.571 0.520
