Car -1 -1 -10 742 192 972 318 1.5 1.8 4.2 2.595 1.558 9.847 1.571 0.992
Car -1 -1 -10 870 223 1236 369 1.5 1.8 4.2 2.347 1.066 6.021 1.571 0.988
Car -1 -1 -10 -3 217 137 369 1.5 1.8 4.2 -4.170 1.485 7.562 1.571 0.982
Car -1 -1 -10 6 157 202 321 1.5 1.8 4.2 -4.976 1.440 9.112 1.571 0.982
Car -1 -1 -10 189 197 305 291 1.5 1.8 4.2 -4.709 1.514 11.347 1.571 0.981
Car -1 -1 -10 195 171 371 257 1.5 1.8 4.2 -5.090 1.295 13.210 1.571 0.981
Car -1 -1 -10 672 181 746 229 1.5 1.8 4.2 2.616 1.512 21.533 1.571 0.962
Car -1 -1 -10 335 174 473 226 1.5 1.8 4.2 -5.490 1.403 21.151 1.571 0.900
Car -1 -1 -10 645 171 689 209 1.5 1.8 4.2 2.276 1.471 31.466 1.571 0.848
Car -1 -1 -10 402 167 500 215 1.5 1.8 4.2 -5.188 1.362 25.424 1.571 0.735
