Car -1 -1 -10 851 147 1027 211 1.5 1.8 4.2 8.275 0.965 20.360 1.571 0.994
Car -1 -1 -10 335 197 405 259 1.5 1.8 4.2 -5.440 1.933 18.297 1.571 0.992
Car -1 -1 -10 400 192 456 234 1.5 1.8 4.2 -5.484 1.826 23.646 1.571 0.975
Car -1 -1 -10 186 203 342 295 1.5 1.8 4.2 -5.440 1.901 13.330 1.571 0.968
Car -1 -1 -10 0 221 196 367 1.5 1.8 4.2 -5.183 1.943 9.323 1.571 0.966
Car -1 -1 -10 1166 133 1242 179 1.5 1.8 4.2 22.437 0.232 29.409 1.571 0.950
Car -1 -1 -10 450 190 502 220 1.5 1.8 4.2 -5.264 1.836 30.203 1.571 0.938
Car -1 -1 -10 660 176 730 212 1.5 1.8 4.2 2.683 1.257 25.281 1.571 0.915
Car -1 -1 -10 514 182 544 206 1.5 1.8 4.2 -4.603 1.755 42.767 1.571 0.820
Car -1 -1 -10 799 157 883 201 1.5 1.8 4.2 7.304 0.896 25.066 1.571 0.792
Car -1 -1 -10 598 174 622 188 1.5 1.8 4.2 -0.028 1.190 58.805 1.571 0.738
Car -1 -1 -10 647 177 671 203 1.5 1.8 4.2 2.559 1.598 40.358 1.571 0.691
Car -1 -1 -10 772 159 848 199 1.5 1.8 4.2 7.273 0.957 28.506 1.571 0.528
