Car -1 -1 -10 294 194 440 272 1.5 1.8 4.2 -4.325 1.742 14.780 1.571 0.998
Car -1 -1 -10 804 187 1038 329 1.5 1.8 4.2 3.248 1.659 9.768 1.571 0.998
Car -1 -1 -10 753 186 851 256 1.5 1.8 4.2 3.427 1.507 15.183 1.571 0.994
Car -1 -1 -10 427 188 499 236 1.5 1.8 4.2 -3.877 1.643 20.881 1.571 0.992
Car -1 -1 -10 710 179 774 235 1.5 1.8 4.2 3.178 1.520 19.751 1.571 0.988
Car -1 -1 -10 975 203 1237 379 1.5 1.8 4.2 3.277 1.386 6.953 1.571 0.949
Car -1 -1 -10 525 180 567 204 1.5 1.8 4.2 -3.238 1.506 38.158 1.571 0.932
Car -1 -1 -10 689 181 727 219 1.5 1.8 4.2 3.332 1.591 26.975 1.571 0.889
Car -1 -1 -10 470 185 518 227 1.5 1.8 4.2 -3.716 1.712 24.916 1.571 0.887
Car -1 -1 -10 618 179 642 187 1.5 1.8 4.2 1.699 1.219 64.273 1.571 0.753
Car -1 -1 -10 568 178 592 190 1.5 1.8 4.2 -2.599 1.471 64.024 1.571 0.662
