Car -1 -1 -10 457 179 541 213 1.5 1.8 4.2 -4.064 1.453 28.214 1.571 0.995
Car -1 -1 -10 216 188 364 246 1.5 1.8 4.2 -7.939 1.803 19.884 1.571 0.989
Car -1 -1 -10 350 175 440 211 1.5 1.8 4.2 -9.006 1.590 32.177 1.571 0.976
Car -1 -1 -10 2 188 88 238 1.5 1.8 4.2 -14.626 1.680 20.714 1.571 0.913
Car -1 -1 -10 573 175 629 201 1.5 1.8 4.2 -0.472 1.347 36.645 1.571 0.801
Car -1 -1 -10 520 171 568 197 1.5 1.8 4.2 -3.822 1.384 43.478 1.571 0.789
Car -1 -1 -10 1185 153 1223 169 1.5 1.8 4.2 45.324 -0.295 57.190 1.571 0.731
Car -1 -1 -10 694 169 724 185 1.5 1.8 4.2 7.274 0.896 55.331 1.571 0.664
Car -1 -1 -10 1073 157 1101 169 1.5 1.8 4.2 38.095 -0.308 59.765 1.571 0.664
Car -1 -1 -10 1034 157 1070 171 1.5 1.8 4.2 31.714 -0.133 53.921 1.571 0.609
Car -1 -1 -10 555 172 577 196 1.5 1.8 4.2 -3.004 1.360 50.834 1.571 0.522
Car -1 -1 -10 1087 157 1121 169 1.5 1.8 4.2 42.683 -0.333 64.478 1.571 0.504
