Car -1 -1 -10 932 172 1210 360 1.5 1.8 4.2 3.615 1.491 7.849 1.571 0.992
Car -1 -1 -10 195 186 367 276 1.5 1.8 4.2 -6.109 1.898 15.379 1.571 0.989
Car -1 -1 -10 368 186 434 216 1.5 1.8 4.2 -9.330 1.917 34.163 1.571 0.982
Car -1 -1 -10 87 190 257 262 1.5 1.8 4.2 -10.098 2.044 18.650 1.571 0.977
Car -1 -1 -10 684 182 744 228 1.5 1.8 4.2 3.100 1.670 23.949 1.571 0.970
Car -1 -1 -10 590 181 656 239 1.5 1.8 4.2 0.262 1.595 19.497 1.571 0.968
Car -1 -1 -10 534 182 568 202 1.5 1.8 4.2 -4.145 2.032 52.402 1.571 0.958
Car -1 -1 -10 446 183 510 217 1.5 1.8 4.2 -5.016 1.662 29.269 1.571 0.927
Car -1 -1 -10 730 183 848 245 1.5 1.8 4.2 4.035 1.647 18.576 1.571 0.927
Car -1 -1 -10 9 187 103 227 1.5 1.8 4.2 -19.565 1.907 27.521 1.571 0.751
Car -1 -1 -10 0 191 38 241 1.5 1.8 4.2 -13.194 1.515 18.145 1.571 0.662
