Car -1 -1 -10 27 220 407 372 1.5 1.8 4.2 -2.962 1.471 7.430 1.571 0.999
Car -1 -1 -10 710 194 772 252 1.5 1.8 4.2 3.205 1.967 20.034 1.571 0.987
Car -1 -1 -10 816 194 1076 362 1.5 1.8 4.2 3.216 1.843 9.131 1.571 0.961
Car -1 -1 -10 559 189 597 213 1.5 1.8 4.2 -1.625 1.938 37.831 1.571 0.898
Car -1 -1 -10 749 200 841 280 1.5 1.8 4.2 2.185 1.298 10.843 1.571 0.876
Car -1 -1 -10 454 177 556 253 1.5 1.8 4.2 -2.324 1.734 17.711 1.571 0.816
Car -1 -1 -10 669 189 705 213 1.5 1.8 4.2 3.705 2.178 41.242 1.571 0.716
Car -1 -1 -10 653 189 667 203 1.5 1.8 4.2 4.009 2.433 60.339 1.571 0.651
Car -1 -1 -10 641 189 651 199 1.5 1.8 4.2 2.823 2.070 59.226 1.571 0.578
Car -1 -1 -10 607 187 619 195 1.5 1.8 4.2 0.233 1.901 64.048 1.571 0.529
Car -1 -1 -10 625 188 635 198 1.5 1.8 4.2 1.609 2.056 61.101 1.571 0.509
