Car -1 -1 -10 435 189 533 261 1.5 1.8 4.2 -2.501 1.712 16.115 1.571 0.994
Car -1 -1 -10 631 180 659 204 1.5 1.8 4.2 1.688 1.489 37.738 1.571 0.962
Car -1 -1 -10 65 166 431 380 1.5 1.8 4.2 -2.713 1.519 7.390 1.571 0.944
Car -1 -1 -10 504 171 578 219 1.5 1.8 4.2 -1.741 1.595 27.046 1.571 0.783
Car -1 -1 -10 763 164 1169 382 1.5 1.8 4.2 2.246 1.354 6.772 1.571 0.748
Car -1 -1 -10 672 172 688 184 1.5 1.8 4.2 5.481 0.877 58.878 1.571 0.746
Car -1 -1 -10 496 171 562 229 1.5 1.8 4.2 -2.264 1.534 21.821 1.571 0.580
Car -1 -1 -10 704 159 716 171 1.5 1.8 4.2 8.874 -0.165 66.296 1.571 0.561
Car -1 -1 -10 653 172 671 186 1.5 1.8 4.2 3.903 0.994 56.660 1.571 0.559
Car -1 -1 -10 685 169 699 181 1.5 1.8 4.2 6.705 0.668 61.329 1.571 0.548
Car -1 -1 -10 653 178 677 202 1.5 1.8 4.2 2.730 1.417 38.445 1.571 0.513
