Car -1 -1 -10 609 170 693 228 1.5 1.8 4.2 1.069 1.504 21.788 1.571 0.985
Car -1 -1 -10 256 188 370 230 1.5 1.8 4.2 -8.747 1.673 23.230 1.571 0.969
Car -1 -1 -10 432 180 494 212 1.5 1.8 4.2 -6.774 1.792 35.145 1.571 0.934
Car -1 -1 -10 682 170 704 194 1.5 1.8 4.2 4.571 1.063 42.163 1.571 0.913
Car -1 -1 -10 1202 155 1236 171 1.5 1.8 4.2 44.282 -0.135 54.601 1.571 0.905
Car -1 -1 -10 1170 153 1202 177 1.5 1.8 4.2 39.403 0.078 51.499 1.571 0.857
Car -1 -1 -10 537 172 569 194 1.5 1.8 4.2 -4.291 1.581 56.044 1.571 0.790
Car -1 -1 -10 1039 156 1079 180 1.5 1.8 4.2 26.706 0.247 45.073 1.571 0.759
Car -1 -1 -10 1136 154 1172 178 1.5 1.8 4.2 35.504 0.075 49.236 1.571 0.646
Car -1 -1 -10 510 170 540 194 1.5 1.8 4.2 -5.327 1.254 47.023 1.571 0.560
Car -1 -1 -10 1103 155 1139 179 1.5 1.8 4.2 29.642 0.182 44.007 1.571 0.538
