Car -1 -1 -10 612 196 774 284 1.5 1.8 4.2 1.113 1.565 12.261 1.571 0.994
Car -1 -1 -10 498 188 566 226 1.5 1.8 4.2 -2.706 1.811 26.692 1.571 0.990
Car -1 -1 -10 0 235 132 377 1.5 1.8 4.2 -5.155 1.912 8.860 1.571 0.973
Car -1 -1 -10 71 214 227 322 1.5 1.8 4.2 -6.407 2.054 12.040 1.571 0.954
Car -1 -1 -10 809 136 1239 374 1.5 1.8 4.2 2.587 1.285 6.711 1.571 0.930
Car -1 -1 -10 332 192 390 218 1.5 1.8 4.2 -12.512 2.261 38.241 1.571 0.885
Car -1 -1 -10 699 169 797 217 1.5 1.8 4.2 5.088 1.642 28.942 1.571 0.842
Car -1 -1 -10 412 188 428 198 1.5 1.8 4.2 -15.290 2.020 60.064 1.571 0.830
Car -1 -1 -10 443 185 457 193 1.5 1.8 4.2 -12.503 1.570 58.358 1.571 0.812
Car -1 -1 -10 487 185 507 199 1.5 1.8 4.2 -8.435 1.945 55.771 1.571 0.801
Car -1 -1 -10 421 187 439 197 1.5 1.8 4.2 -14.803 1.982 61.332 1.571 0.767
Car -1 -1 -10 371 187 393 211 1.5 1.8 4.2 -14.454 2.159 47.733 1.571 0.622
