Car -1 -1 -10 848 204 1250 380 1.5 1.8 4.2 3.265 1.568 7.563 1.571 0.999
Car -1 -1 -10 434 186 508 234 1.5 1.8 4.2 -4.049 1.759 22.863 1.571 0.991
Car -1 -1 -10 733 182 811 242 1.5 1.8 4.2 3.459 1.499 17.741 1.571 0.978
Car -1 -1 -10 775 182 931 282 1.5 1.8 4.2 3.628 1.654 13.036 1.571 0.963
Car -1 -1 -10 554 179 584 203 1.5 1.8 4.2 -2.609 1.705 47.415 1.571 0.858
Car -1 -1 -10 499 185 535 219 1.5 1.8 4.2 -3.413 1.670 28.221 1.571 0.840
Car -1 -1 -10 511 185 552 211 1.5 1.8 4.2 -2.889 1.596 32.286 1.571 0.831
Car -1 -1 -10 692 180 726 214 1.5 1.8 4.2 3.533 1.487 28.186 1.571 0.831
Car -1 -1 -10 714 181 770 231 1.5 1.8 4.2 3.439 1.537 21.177 1.571 0.742
Car -1 -1 -10 710 180 774 222 1.5 1.8 4.2 3.377 1.439 23.229 1.571 0.725
Car -1 -1 -10 684 178 729 208 1.5 1.8 4.2 3.777 1.598 34.906 1.571 0.711
Car -1 -1 -10 945 174 1003 204 1.5 1.8 4.2 11.191 0.961 24.380 1.571 0.676
