Car -1 -1 -10 834 210 1240 370 1.5 1.8 4.2 2.143 1.017 5.822 1.571 0.998
Car -1 -1 -10 352 183 556 315 1.5 1.8 4.2 -1.944 1.719 10.828 1.571 0.997
Car -1 -1 -10 784 187 980 329 1.5 1.8 4.2 2.236 1.317 8.187 1.571 0.976
Car -1 -1 -10 720 176 768 214 1.5 1.8 4.2 4.886 1.514 28.655 1.571 0.967
Car -1 -1 -10 546 181 586 223 1.5 1.8 4.2 -1.452 1.600 25.128 1.571 0.959
Car -1 -1 -10 586 171 642 209 1.5 1.8 4.2 0.147 1.699 36.022 1.571 0.945
Car -1 -1 -10 950 155 1088 207 1.5 1.8 4.2 8.822 0.741 17.757 1.571 0.725
Car -1 -1 -10 776 168 834 194 1.5 1.8 4.2 11.082 1.205 43.243 1.571 0.708
Car -1 -1 -10 366 189 402 199 1.5 1.8 4.2 -18.272 2.110 60.350 1.571 0.616
Car -1 -1 -10 869 166 939 190 1.5 1.8 4.2 6.917 0.311 19.203 1.571 0.570
