Car -1 -1 -10 624 212 856 348 1.5 1.8 4.2 1.267 1.785 9.455 1.571 0.993
Car -1 -1 -10 564 205 670 291 1.5 1.8 4.2 0.059 1.919 13.819 1.571 0.992
Car -1 -1 -10 779 229 1211 373 1.5 1.8 4.2 2.071 1.107 6.092 1.571 0.990
Car -1 -1 -10 24 226 248 380 1.5 1.8 4.2 -4.634 2.000 9.066 1.571 0.984
Car -1 -1 -10 208 219 300 299 1.5 1.8 4.2 -6.544 2.299 15.253 1.571 0.974
Car -1 -1 -10 513 196 585 264 1.5 1.8 4.2 -1.462 2.107 18.783 1.571 0.966
Car -1 -1 -10 350 199 378 223 1.5 1.8 4.2 -14.966 2.982 45.892 1.571 0.920
Car -1 -1 -10 0 269 58 381 1.5 1.8 4.2 -5.028 1.780 8.271 1.571 0.864
Car -1 -1 -10 479 200 548 246 1.5 1.8 4.2 -2.822 1.809 19.952 1.571 0.794
Car -1 -1 -10 286 195 358 251 1.5 1.8 4.2 -9.191 2.480 25.006 1.571 0.721
Car -1 -1 -10 454 199 493 225 1.5 1.8 4.2 -7.119 2.510 36.840 1.571 0.639
Car -1 -1 -10 442 197 462 221 1.5 1.8 4.2 -8.719 2.590 41.746 1.571 0.537
