Car -1 -1 -10 2 201 290 379 1.5 1.8 4.2 -3.760 1.644 7.855 1.571 0.997
Car -1 -1 -10 433 187 495 245 1.5 1.8 4.2 -3.579 1.743 19.534 1.571 0.994
Car -1 -1 -10 285 189 449 287 1.5 1.8 4.2 -3.757 1.738 13.091 1.571 0.991
Car -1 -1 -10 1029 126 1245 218 1.5 1.8 4.2 10.127 0.872 16.039 1.571 0.991
Car -1 -1 -10 514 178 550 216 1.5 1.8 4.2 -3.119 1.700 30.538 1.571 0.949
Car -1 -1 -10 721 172 797 218 1.5 1.8 4.2 4.542 1.391 24.332 1.571 0.913
Car -1 -1 -10 452 178 521 224 1.5 1.8 4.2 -3.423 1.583 24.438 1.571 0.872
Car -1 -1 -10 535 182 567 202 1.5 1.8 4.2 -2.945 1.695 44.074 1.571 0.841
Car -1 -1 -10 617 169 651 183 1.5 1.8 4.2 1.975 0.845 62.239 1.571 0.807
Car -1 -1 -10 642 180 680 206 1.5 1.8 4.2 2.196 1.455 33.770 1.571 0.765
Car -1 -1 -10 693 172 725 196 1.5 1.8 4.2 6.075 1.367 46.634 1.571 0.721
Car -1 -1 -10 509 178 559 210 1.5 1.8 4.2 -2.710 1.651 34.173 1.571 0.698
Car -1 -1 -10 676 178 704 204 1.5 1.8 4.2 4.142 1.627 39.808 1.571 0.695
