Car -1 -1 -10 4 228 250 374 1.5 1.8 4.2 -2.988 1.219 6.475 1.571 0.994
Car -1 -1 -10 374 181 510 263 1.5 1.8 4.2 -3.118 1.644 15.259 1.571 0.986
Car -1 -1 -10 990 156 1118 238 1.5 1.8 4.2 8.432 1.245 15.890 1.571 0.983
Car -1 -1 -10 1076 155 1238 257 1.5 1.8 4.2 5.405 0.840 9.306 1.571 0.977
Car -1 -1 -10 735 172 953 302 1.5 1.8 4.2 2.583 1.457 10.240 1.571 0.959
Car -1 -1 -10 718 183 778 243 1.5 1.8 4.2 2.629 1.363 16.127 1.571 0.947
Car -1 -1 -10 519 175 572 209 1.5 1.8 4.2 -1.904 1.371 29.470 1.571 0.943
Car -1 -1 -10 939 159 1037 221 1.5 1.8 4.2 8.367 1.072 18.172 1.571 0.748
Car -1 -1 -10 107 197 141 221 1.5 1.8 4.2 -30.194 2.615 46.875 1.571 0.722
Car -1 -1 -10 616 170 632 194 1.5 1.8 4.2 0.917 1.095 51.035 1.571 0.713
Car -1 -1 -10 464 159 556 233 1.5 1.8 4.2 -2.599 1.532 20.483 1.571 0.630
Car -1 -1 -10 188 203 220 213 1.5 1.8 4.2 -30.987 3.061 57.118 1.571 0.612
