Car -1 -1 -10 775 200 1231 382 1.5 1.8 4.2 2.367 1.291 6.555 1.571 0.999
Car -1 -1 -10 203 196 477 356 1.5 1.8 4.2 -2.462 1.630 8.524 1.571 0.996
Car -1 -1 -10 460 183 544 241 1.5 1.8 4.2 -2.673 1.654 19.611 1.571 0.993
Car -1 -1 -10 649 176 701 216 1.5 1.8 4.2 2.280 1.544 27.927 1.571 0.961
Car -1 -1 -10 551 177 579 201 1.5 1.8 4.2 -2.706 1.492 44.908 1.571 0.936
Car -1 -1 -10 632 173 656 197 1.5 1.8 4.2 1.963 1.302 44.538 1.571 0.652
Car -1 -1 -10 622 175 634 185 1.5 1.8 4.2 1.332 0.918 56.640 1.571 0.638
Car -1 -1 -10 723 165 923 303 1.5 1.8 4.2 2.612 1.630 11.139 1.571 0.592
Car -1 -1 -10 575 171 587 195 1.5 1.8 4.2 -1.923 1.052 49.118 1.571 0.541
Car -1 -1 -10 592 178 600 186 1.5 1.8 4.2 -1.318 1.217 68.923 1.571 0.534
