Car -1 -1 -10 497 180 531 204 1.5 1.8 4.2 -5.643 1.760 44.240 1.571 0.972
Car -1 -1 -10 383 183 447 215 1.5 1.8 4.2 -7.681 1.650 30.356 1.571 0.963
Car -1 -1 -10 523 173 657 255 1.5 1.8 4.2 -0.441 1.591 16.076 1.571 0.956
Car -1 -1 -10 730 172 752 186 1.5 1.8 4.2 10.226 1.029 58.578 1.571 0.932
Car -1 -1 -10 686 172 706 188 1.5 1.8 4.2 6.543 1.157 57.237 1.571 0.898
Car -1 -1 -10 1201 155 1237 171 1.5 1.8 4.2 43.927 -0.134 54.181 1.571 0.887
Car -1 -1 -10 0 198 116 264 1.5 1.8 4.2 -11.276 1.853 16.770 1.571 0.816
Car -1 -1 -10 1170 154 1202 178 1.5 1.8 4.2 39.881 0.148 52.097 1.571 0.796
Car -1 -1 -10 1039 156 1079 180 1.5 1.8 4.2 27.029 0.250 45.593 1.571 0.735
Car -1 -1 -10 1136 154 1172 178 1.5 1.8 4.2 35.332 0.074 49.008 1.571 0.587
Car -1 -1 -10 295 192 317 206 1.5 1.8 4.2 -24.121 2.627 59.286 1.571 0.585
Car -1 -1 -10 1103 155 1141 179 1.5 1.8 4.2 29.594 0.124 43.857 1.571 0.543
Car -1 -1 -10 716 174 728 184 1.5 1.8 4.2 9.059 0.904 60.633 1.571 0.522
