Car -1 -1 -10 781 186 1119 358 1.5 1.8 4.2 2.621 1.459 7.788 1.571 1.000
Car -1 -1 -10 -5 209 149 371 1.5 1.8 4.2 -4.978 1.812 8.698 1.571 0.996
Car -1 -1 -10 126 186 320 296 1.5 1.8 4.2 -5.233 1.647 11.752 1.571 0.980
Car -1 -1 -10 469 176 519 202 1.5 1.8 4.2 -5.309 1.323 34.861 1.571 0.947
Car -1 -1 -10 691 167 723 191 1.5 1.8 4.2 4.259 0.627 34.100 1.571 0.750
Car -1 -1 -10 366 177 410 201 1.5 1.8 4.2 -12.759 1.498 43.449 1.571 0.729
Car -1 -1 -10 1015 244 1235 372 1.5 1.8 4.2 5.585 2.181 10.005 1.571 0.623
Car -1 -1 -10 383 178 413 202 1.5 1.8 4.2 -13.459 1.529 47.791 1.571 0.598
Car -1 -1 -10 579 170 609 192 1.5 1.8 4.2 -1.151 1.340 52.602 1.571 0.555
Car -1 -1 -10 555 173 575 197 1.5 1.8 4.2 -2.136 0.891 35.676 1.571 0.525
