Car -1 -1 -10 350 206 488 290 1.5 1.8 4.2 -3.202 1.930 13.989 1.571 0.998
Car -1 -1 -10 -4 215 246 369 1.5 1.8 4.2 -5.059 2.006 9.479 1.571 0.994
Car -1 -1 -10 221 202 359 298 1.5 1.8 4.2 -5.173 2.001 13.640 1.571 0.983
Car -1 -1 -10 1190 190 1240 286 1.5 1.8 4.2 9.845 1.851 13.908 1.571 0.937
Car -1 -1 -10 534 194 558 218 1.5 1.8 4.2 -3.583 2.501 42.072 1.571 0.901
Car -1 -1 -10 551 188 573 206 1.5 1.8 4.2 -3.434 2.350 53.261 1.571 0.826
Car -1 -1 -10 453 180 523 254 1.5 1.8 4.2 -3.089 2.020 20.064 1.571 0.820
Car -1 -1 -10 615 187 641 211 1.5 1.8 4.2 0.998 2.078 43.595 1.571 0.804
Car -1 -1 -10 630 189 698 223 1.5 1.8 4.2 2.213 2.096 32.260 1.571 0.783
Car -1 -1 -10 343 200 421 250 1.5 1.8 4.2 -5.967 2.002 20.824 1.571 0.689
Car -1 -1 -10 604 187 620 203 1.5 1.8 4.2 0.111 2.141 53.340 1.571 0.543
Car -1 -1 -10 485 195 539 231 1.5 1.8 4.2 -2.707 1.933 26.089 1.571 0.542
