Car -1 -1 -10 768 187 1020 315 1.5 1.8 4.2 2.848 1.454 9.481 1.571 0.997
Car -1 -1 -10 -2 218 208 368 1.5 1.8 4.2 -5.051 1.922 9.206 1.571 0.995
Car -1 -1 -10 237 195 397 279 1.5 1.8 4.2 -5.461 1.959 15.415 1.571 0.993
Car -1 -1 -10 718 179 824 255 1.5 1.8 4.2 2.747 1.429 14.656 1.571 0.989
Car -1 -1 -10 1007 156 1245 262 1.5 1.8 4.2 7.368 1.282 12.481 1.571 0.988
Car -1 -1 -10 680 181 736 229 1.5 1.8 4.2 3.071 1.787 25.067 1.571 0.979
Car -1 -1 -10 451 185 505 217 1.5 1.8 4.2 -5.062 1.677 29.520 1.571 0.899
Car -1 -1 -10 559 174 595 194 1.5 1.8 4.2 -2.630 1.668 59.014 1.571 0.853
Car -1 -1 -10 648 178 680 206 1.5 1.8 4.2 2.396 1.496 34.678 1.571 0.838
Car -1 -1 -10 383 189 451 243 1.5 1.8 4.2 -5.360 1.930 21.953 1.571 0.790
Car -1 -1 -10 501 181 537 205 1.5 1.8 4.2 -5.035 1.765 41.719 1.571 0.780
