Car -1 -1 -10 817 183 1155 375 1.5 1.8 4.2 2.758 1.514 7.506 1.571 0.999
Car -1 -1 -10 554 175 672 243 1.5 1.8 4.2 0.018 1.629 18.862 1.571 0.997
Car -1 -1 -10 15 184 403 372 1.5 1.8 4.2 -3.353 1.636 8.028 1.571 0.993
Car -1 -1 -10 806 183 904 281 1.5 1.8 4.2 2.611 1.178 9.959 1.571 0.990
Car -1 -1 -10 805 166 837 190 1.5 1.8 4.2 10.684 0.871 38.769 1.571 0.880
Car -1 -1 -10 661 171 693 207 1.5 1.8 4.2 2.788 1.443 32.594 1.571 0.852
Car -1 -1 -10 691 161 741 195 1.5 1.8 4.2 5.750 1.209 41.498 1.571 0.848
Car -1 -1 -10 432 185 470 195 1.5 1.8 4.2 -12.390 1.721 58.197 1.571 0.691
Car -1 -1 -10 924 161 986 193 1.5 1.8 4.2 11.543 0.676 26.340 1.571 0.680
Car -1 -1 -10 955 150 1055 196 1.5 1.8 4.2 11.598 0.682 23.376 1.571 0.590
Car -1 -1 -10 1043 142 1159 206 1.5 1.8 4.2 14.379 0.974 23.302 1.571 0.501
