Car -1 -1 -10 797 186 1235 370 1.5 1.8 4.2 2.276 1.134 6.250 1.571 0.998
Car -1 -1 -10 721 184 869 278 1.5 1.8 4.2 2.623 1.522 12.546 1.571 0.996
Car -1 -1 -10 368 197 458 249 1.5 1.8 4.2 -5.691 2.180 22.764 1.571 0.981
Car -1 -1 -10 493 189 529 213 1.5 1.8 4.2 -5.414 2.125 41.277 1.571 0.925
Car -1 -1 -10 692 182 764 244 1.5 1.8 4.2 2.689 1.652 18.862 1.571 0.887
Car -1 -1 -10 631 178 667 202 1.5 1.8 4.2 2.339 1.531 46.028 1.571 0.657
Car -1 -1 -10 523 188 543 204 1.5 1.8 4.2 -5.467 2.198 53.034 1.571 0.610
Car -1 -1 -10 660 173 692 191 1.5 1.8 4.2 4.882 1.350 55.791 1.571 0.520
Car -1 -1 -10 537 188 553 200 1.5 1.8 4.2 -4.759 1.974 54.589 1.571 0.510
Car -1 -1 -10 1132 139 1206 165 1.5 1.8 4.2 7.940 -0.113 12.421 1.571 0.502
