Car -1 -1 -10 749 195 1061 361 1.5 1.8 4.2 2.351 1.536 7.992 1.571 0.997
Car -1 -1 -10 476 180 550 234 1.5 1.8 4.2 -2.641 1.633 21.373 1.571 0.989
Car -1 -1 -10 648 174 696 212 1.5 1.8 4.2 2.283 1.470 29.204 1.571 0.966
Car -1 -1 -10 301 185 491 313 1.5 1.8 4.2 -2.466 1.577 10.222 1.571 0.955
Car -1 -1 -10 554 173 580 197 1.5 1.8 4.2 -2.917 1.485 50.499 1.571 0.885
Car -1 -1 -10 716 164 866 286 1.5 1.8 4.2 2.681 1.711 13.010 1.571 0.881
Car -1 -1 -10 622 173 634 183 1.5 1.8 4.2 1.414 0.812 59.846 1.571 0.777
Car -1 -1 -10 631 170 655 194 1.5 1.8 4.2 2.040 1.141 47.465 1.571 0.763
Car -1 -1 -10 591 175 599 183 1.5 1.8 4.2 -1.361 0.905 66.452 1.571 0.664
Car -1 -1 -10 609 174 617 180 1.5 1.8 4.2 0.220 0.585 61.206 1.571 0.613
Car -1 -1 -10 573 170 587 194 1.5 1.8 4.2 -2.026 1.073 50.042 1.571 0.555
