Car -1 -1 -10 584 180 640 220 1.5 1.8 4.2 0.013 1.460 24.454 1.571 0.982
Car -1 -1 -10 166 180 368 294 1.5 1.8 4.2 -4.191 1.460 10.796 1.571 0.959
Car -1 -1 -10 1 186 147 262 1.5 1.8 4.2 -4.747 0.780 8.412 1.571 0.949
Car -1 -1 -10 277 131 479 263 1.5 1.8 4.2 -3.536 1.352 12.925 1.571 0.849
Car -1 -1 -10 464 169 538 223 1.5 1.8 4.2 -3.165 1.433 22.720 1.571 0.835
Car -1 -1 -10 126 178 250 250 1.5 1.8 4.2 -6.147 1.113 12.514 1.571 0.826
Car -1 -1 -10 1096 185 1144 197 1.5 1.8 4.2 40.906 1.938 60.011 1.571 0.719
Car -1 -1 -10 1166 172 1210 196 1.5 1.8 4.2 34.893 1.217 45.702 1.571 0.693
Car -1 -1 -10 518 176 560 204 1.5 1.8 4.2 -3.029 1.525 37.445 1.571 0.648
Car -1 -1 -10 1047 179 1093 203 1.5 1.8 4.2 27.335 1.496 45.033 1.571 0.634
Car -1 -1 -10 549 177 571 201 1.5 1.8 4.2 -2.773 1.484 41.563 1.571 0.504
