Car -1 -1 -10 875 185 1053 293 1.5 1.8 4.2 4.712 1.618 11.820 1.571 0.998
Car -1 -1 -10 -1 188 187 350 1.5 1.8 4.2 -4.811 1.628 8.733 1.571 0.997
Car -1 -1 -10 998 194 1186 342 1.5 1.8 4.2 4.625 1.643 9.110 1.571 0.997
Car -1 -1 -10 1130 194 1242 368 1.5 1.8 4.2 4.297 1.475 7.556 1.571 0.993
Car -1 -1 -10 55 171 269 299 1.5 1.8 4.2 -5.490 1.530 10.850 1.571 0.984
Car -1 -1 -10 384 178 490 212 1.5 1.8 4.2 -6.219 1.396 27.845 1.571 0.959
Car -1 -1 -10 741 174 847 236 1.5 1.8 4.2 4.420 1.534 19.635 1.571 0.941
Car -1 -1 -10 788 177 938 253 1.5 1.8 4.2 4.741 1.519 15.775 1.571 0.929
Car -1 -1 -10 206 162 396 254 1.5 1.8 4.2 -5.666 1.473 15.204 1.571 0.900
Car -1 -1 -10 632 179 678 211 1.5 1.8 4.2 1.767 1.535 31.148 1.571 0.855
