Car -1 -1 -10 791 185 1053 343 1.5 1.8 4.2 2.738 1.525 8.567 1.571 0.999
Car -1 -1 -10 1004 240 1228 362 1.5 1.8 4.2 2.248 0.863 5.392 1.571 0.995
Car -1 -1 -10 1036 158 1200 246 1.5 1.8 4.2 8.328 1.207 14.006 1.571 0.989
Car -1 -1 -10 1158 153 1242 257 1.5 1.8 4.2 8.043 1.155 12.004 1.571 0.976
Car -1 -1 -10 473 173 544 219 1.5 1.8 4.2 -2.520 1.357 23.327 1.571 0.955
Car -1 -1 -10 953 158 1097 230 1.5 1.8 4.2 8.284 1.148 16.595 1.571 0.923
Car -1 -1 -10 423 178 512 236 1.5 1.8 4.2 -2.634 1.430 18.439 1.571 0.805
Car -1 -1 -10 4 180 406 378 1.5 1.8 4.2 -3.081 1.530 7.484 1.571 0.804
Car -1 -1 -10 923 161 991 193 1.5 1.8 4.2 8.803 0.514 20.511 1.571 0.788
Car -1 -1 -10 792 149 942 201 1.5 1.8 4.2 6.939 0.765 21.723 1.571 0.554
