Car -1 -1 -10 258 188 472 340 1.5 1.8 4.2 -2.550 1.700 9.441 1.571 0.998
Car -1 -1 -10 -16 258 378 368 1.5 1.8 4.2 -2.173 0.961 5.654 1.571 0.998
Car -1 -1 -10 813 224 1229 372 1.5 1.8 4.2 2.033 1.014 5.775 1.571 0.997
Car -1 -1 -10 723 181 895 307 1.5 1.8 4.2 2.378 1.641 10.927 1.571 0.995
Car -1 -1 -10 560 177 618 225 1.5 1.8 4.2 -0.657 1.508 22.970 1.571 0.992
Car -1 -1 -10 -5 190 73 246 1.5 1.8 4.2 -14.630 1.851 20.362 1.571 0.984
Car -1 -1 -10 398 186 496 272 1.5 1.8 4.2 -2.242 1.329 11.773 1.571 0.975
Car -1 -1 -10 520 178 562 208 1.5 1.8 4.2 -3.270 1.644 35.864 1.571 0.959
Car -1 -1 -10 147 182 237 228 1.5 1.8 4.2 -15.329 2.016 28.482 1.571 0.945
Car -1 -1 -10 456 175 480 189 1.5 1.8 4.2 -10.801 1.225 56.835 1.571 0.664
Car -1 -1 -10 725 175 761 215 1.5 1.8 4.2 5.083 1.625 29.923 1.571 0.640
