Car -1 -1 -10 27 191 373 351 1.5 1.8 4.2 -3.436 1.467 8.043 1.571 0.999
Car -1 -1 -10 833 196 1107 348 1.5 1.8 4.2 3.423 1.693 9.077 1.571 0.999
Car -1 -1 -10 -7 187 153 293 1.5 1.8 4.2 -6.603 1.464 10.896 1.571 0.995
Car -1 -1 -10 584 182 648 228 1.5 1.8 4.2 0.119 1.552 22.410 1.571 0.994
Car -1 -1 -10 1051 233 1239 383 1.5 1.8 4.2 3.362 1.343 6.714 1.571 0.975
Car -1 -1 -10 336 177 472 243 1.5 1.8 4.2 -4.127 1.387 16.367 1.571 0.973
Car -1 -1 -10 754 167 908 277 1.5 1.8 4.2 3.569 1.708 13.932 1.571 0.932
Car -1 -1 -10 433 176 501 236 1.5 1.8 4.2 -3.374 1.467 18.865 1.571 0.860
Car -1 -1 -10 634 171 656 191 1.5 1.8 4.2 2.690 1.409 58.127 1.571 0.846
Car -1 -1 -10 467 179 529 213 1.5 1.8 4.2 -3.844 1.361 26.562 1.571 0.829
Car -1 -1 -10 513 164 573 202 1.5 1.8 4.2 -3.184 1.367 35.943 1.571 0.600
Car -1 -1 -10 283 176 319 200 1.5 1.8 4.2 -6.544 0.528 17.258 1.571 0.553
