Car -1 -1 -10 702 173 830 259 1.5 1.8 4.2 2.419 1.366 13.544 1.571 0.991
Car -1 -1 -10 503 173 553 215 1.5 1.8 4.2 -2.640 1.332 24.905 1.571 0.988
Car -1 -1 -10 390 184 502 262 1.5 1.8 4.2 -2.543 1.352 13.043 1.571 0.984
Car -1 -1 -10 212 194 454 352 1.5 1.8 4.2 -2.591 1.638 8.696 1.571 0.983
Car -1 -1 -10 633 165 657 189 1.5 1.8 4.2 2.214 0.972 48.434 1.571 0.960
Car -1 -1 -10 548 171 570 195 1.5 1.8 4.2 -2.324 0.901 34.380 1.571 0.932
Car -1 -1 -10 673 170 757 226 1.5 1.8 4.2 2.083 1.383 20.879 1.571 0.859
Car -1 -1 -10 576 171 586 181 1.5 1.8 4.2 -2.147 0.594 54.761 1.571 0.851
Car -1 -1 -10 653 160 703 206 1.5 1.8 4.2 2.108 1.051 24.982 1.571 0.818
Car -1 -1 -10 680 174 744 236 1.5 1.8 4.2 2.202 1.396 18.049 1.571 0.683
Car -1 -1 -10 620 165 634 181 1.5 1.8 4.2 1.296 0.634 58.292 1.571 0.603
