Car -1 -1 -10 888 181 1236 375 1.5 1.8 4.2 2.276 1.044 5.829 1.571 0.996
Car -1 -1 -10 351 180 425 242 1.5 1.8 4.2 -5.794 1.789 20.767 1.571 0.994
Car -1 -1 -10 1085 147 1247 177 1.5 1.8 4.2 14.838 0.111 21.422 1.571 0.955
Car -1 -1 -10 -2 244 82 376 1.5 1.8 4.2 -5.345 1.884 8.793 1.571 0.952
Car -1 -1 -10 168 179 364 279 1.5 1.8 4.2 -5.720 1.748 13.983 1.571 0.925
Car -1 -1 -10 687 164 773 190 1.5 1.8 4.2 6.434 0.924 41.017 1.571 0.914
Car -1 -1 -10 422 180 482 222 1.5 1.8 4.2 -6.138 1.895 29.924 1.571 0.905
Car -1 -1 -10 488 181 518 205 1.5 1.8 4.2 -6.065 1.754 42.747 1.571 0.774
Car -1 -1 -10 629 171 659 195 1.5 1.8 4.2 1.996 1.084 45.213 1.571 0.702
Car -1 -1 -10 501 178 557 208 1.5 1.8 4.2 -3.851 1.653 36.038 1.571 0.694
