Car -1 -1 -10 759 189 1227 375 1.5 1.8 4.2 2.249 1.218 6.450 1.571 0.999
Car -1 -1 -10 718 190 860 288 1.5 1.8 4.2 2.325 1.531 11.697 1.571 0.999
Car -1 -1 -10 -9 206 417 376 1.5 1.8 4.2 -2.672 1.307 6.742 1.571 0.999
Car -1 -1 -10 455 182 531 242 1.5 1.8 4.2 -2.777 1.610 18.905 1.571 0.997
Car -1 -1 -10 685 178 765 244 1.5 1.8 4.2 2.311 1.462 16.933 1.571 0.987
Car -1 -1 -10 521 179 561 213 1.5 1.8 4.2 -2.625 1.501 29.077 1.571 0.950
Car -1 -1 -10 620 171 636 185 1.5 1.8 4.2 1.357 0.934 57.612 1.571 0.868
Car -1 -1 -10 673 167 749 221 1.5 1.8 4.2 2.045 1.000 17.090 1.571 0.832
Car -1 -1 -10 634 172 662 196 1.5 1.8 4.2 1.811 1.030 37.260 1.571 0.780
Car -1 -1 -10 560 171 576 195 1.5 1.8 4.2 -2.889 1.098 51.173 1.571 0.744
Car -1 -1 -10 573 176 585 186 1.5 1.8 4.2 -2.240 0.936 53.517 1.571 0.713
Car -1 -1 -10 592 173 600 179 1.5 1.8 4.2 -1.292 0.557 67.547 1.571 0.507
