Car -1 -1 -10 -7 190 347 370 1.5 1.8 4.2 -4.014 1.772 8.587 1.571 0.998
Car -1 -1 -10 437 184 497 238 1.5 1.8 4.2 -3.767 1.693 20.853 1.571 0.996
Car -1 -1 -10 314 187 458 277 1.5 1.8 4.2 -3.950 1.811 14.649 1.571 0.992
Car -1 -1 -10 988 131 1222 213 1.5 1.8 4.2 10.303 0.840 17.196 1.571 0.989
Car -1 -1 -10 710 171 784 215 1.5 1.8 4.2 4.286 1.333 24.927 1.571 0.957
Car -1 -1 -10 481 176 523 222 1.5 1.8 4.2 -3.602 1.617 25.849 1.571 0.946
Car -1 -1 -10 577 170 621 182 1.5 1.8 4.2 -0.938 0.758 61.926 1.571 0.874
Car -1 -1 -10 509 177 557 209 1.5 1.8 4.2 -2.993 1.666 35.367 1.571 0.873
Car -1 -1 -10 520 180 552 212 1.5 1.8 4.2 -3.169 1.653 32.572 1.571 0.837
Car -1 -1 -10 636 178 676 206 1.5 1.8 4.2 2.041 1.501 34.774 1.571 0.820
Car -1 -1 -10 667 170 695 190 1.5 1.8 4.2 5.123 1.244 54.473 1.571 0.554
Car -1 -1 -10 537 181 566 199 1.5 1.8 4.2 -3.298 1.673 48.278 1.571 0.521
Car -1 -1 -10 695 170 719 194 1.5 1.8 4.2 6.216 1.169 48.593 1.571 0.501
