Car -1 -1 -10 282 182 378 234 1.5 1.8 4.2 -7.871 1.708 22.253 1.571 0.992
Car -1 -1 -10 0 189 118 309 1.5 1.8 4.2 -7.180 1.760 11.428 1.571 0.966
Car -1 -1 -10 356 179 412 221 1.5 1.8 4.2 -7.602 1.609 26.218 1.571 0.928
Car -1 -1 -10 528 177 558 201 1.5 1.8 4.2 -3.959 1.472 44.343 1.571 0.927
Car -1 -1 -10 435 180 471 206 1.5 1.8 4.2 -7.510 1.577 36.425 1.571 0.845
Car -1 -1 -10 679 172 703 188 1.5 1.8 4.2 6.037 1.134 56.139 1.571 0.823
Car -1 -1 -10 637 168 657 186 1.5 1.8 4.2 2.755 0.989 56.399 1.571 0.805
Car -1 -1 -10 654 172 680 196 1.5 1.8 4.2 3.514 1.254 47.018 1.571 0.802
Car -1 -1 -10 930 154 1012 178 1.5 1.8 4.2 13.756 0.044 29.684 1.571 0.766
Car -1 -1 -10 994 144 1074 172 1.5 1.8 4.2 20.230 -0.041 36.596 1.571 0.746
Car -1 -1 -10 406 185 434 211 1.5 1.8 4.2 -7.720 1.541 31.250 1.571 0.712
Car -1 -1 -10 1040 153 1132 177 1.5 1.8 4.2 11.271 0.098 19.263 1.571 0.618
Car -1 -1 -10 1106 148 1264 174 1.5 1.8 4.2 12.940 0.026 18.403 1.571 0.554
Car -1 -1 -10 498 181 532 195 1.5 1.8 4.2 -8.076 1.877 63.248 1.571 0.553
