Car -1 -1 -10 336 192 462 282 1.5 1.8 4.2 -3.456 1.759 13.730 1.571 0.996
Car -1 -1 -10 445 185 511 247 1.5 1.8 4.2 -3.284 1.815 19.770 1.571 0.994
Car -1 -1 -10 -9 199 373 379 1.5 1.8 4.2 -3.557 1.685 7.998 1.571 0.994
Car -1 -1 -10 765 172 879 236 1.5 1.8 4.2 4.737 1.426 18.400 1.571 0.986
Car -1 -1 -10 506 187 546 227 1.5 1.8 4.2 -2.842 1.801 26.101 1.571 0.982
Car -1 -1 -10 656 183 706 215 1.5 1.8 4.2 2.599 1.570 28.978 1.571 0.929
Car -1 -1 -10 697 181 729 209 1.5 1.8 4.2 4.495 1.592 33.889 1.571 0.846
Car -1 -1 -10 727 176 755 204 1.5 1.8 4.2 6.282 1.503 36.923 1.571 0.785
Car -1 -1 -10 508 180 562 216 1.5 1.8 4.2 -2.431 1.633 29.420 1.571 0.769
Car -1 -1 -10 536 184 571 206 1.5 1.8 4.2 -2.421 1.679 38.656 1.571 0.743
Car -1 -1 -10 634 172 666 184 1.5 1.8 4.2 3.170 0.891 59.774 1.571 0.699
Car -1 -1 -10 702 173 750 205 1.5 1.8 4.2 5.487 1.532 36.487 1.571 0.525
