Car -1 -1 -10 659 182 733 234 1.5 1.8 4.2 2.168 1.577 20.713 1.571 0.996
Car -1 -1 -10 777 182 1037 378 1.5 1.8 4.2 2.396 1.695 8.062 1.571 0.994
Car -1 -1 -10 16 210 426 372 1.5 1.8 4.2 -2.776 1.391 7.140 1.571 0.989
Car -1 -1 -10 476 191 542 243 1.5 1.8 4.2 -2.714 1.850 21.130 1.571 0.989
Car -1 -1 -10 996 246 1234 380 1.5 1.8 4.2 1.842 0.780 4.818 1.571 0.988
Car -1 -1 -10 542 184 574 208 1.5 1.8 4.2 -2.902 1.881 41.848 1.571 0.927
Car -1 -1 -10 641 182 677 218 1.5 1.8 4.2 1.726 1.633 28.199 1.571 0.880
Car -1 -1 -10 636 179 681 209 1.5 1.8 4.2 1.693 1.790 37.843 1.571 0.791
Car -1 -1 -10 585 183 597 193 1.5 1.8 4.2 -1.601 1.670 61.929 1.571 0.600
Car -1 -1 -10 610 181 622 189 1.5 1.8 4.2 0.482 1.364 63.088 1.571 0.501
