Car -1 -1 -10 773 187 1255 375 1.5 1.8 4.2 2.360 1.210 6.421 1.571 0.999
Car -1 -1 -10 677 180 755 232 1.5 1.8 4.2 2.677 1.522 20.669 1.571 0.996
Car -1 -1 -10 738 181 904 295 1.5 1.8 4.2 2.559 1.514 11.046 1.571 0.989
Car -1 -1 -10 217 193 327 235 1.5 1.8 4.2 -11.275 2.064 26.068 1.571 0.985
Car -1 -1 -10 60 196 194 232 1.5 1.8 4.2 -16.523 2.017 26.713 1.571 0.917
Car -1 -1 -10 663 178 687 202 1.5 1.8 4.2 3.402 1.543 40.296 1.571 0.833
Car -1 -1 -10 653 179 677 203 1.5 1.8 4.2 2.709 1.456 38.163 1.571 0.795
Car -1 -1 -10 503 178 531 202 1.5 1.8 4.2 -5.624 1.571 45.456 1.571 0.728
Car -1 -1 -10 465 187 507 211 1.5 1.8 4.2 -6.110 1.818 37.420 1.571 0.591
Car -1 -1 -10 608 172 624 196 1.5 1.8 4.2 0.304 1.031 43.113 1.571 0.558
Car -1 -1 -10 637 178 649 188 1.5 1.8 4.2 2.604 1.207 59.626 1.571 0.526
