Car -1 -1 -10 839 188 971 276 1.5 1.8 4.2 4.618 1.634 13.531 1.571 0.997
Car -1 -1 -10 1018 186 1230 358 1.5 1.8 4.2 4.586 1.673 8.620 1.571 0.996
Car -1 -1 -10 916 190 1060 306 1.5 1.8 4.2 4.603 1.641 10.994 1.571 0.994
Car -1 -1 -10 24 196 284 318 1.5 1.8 4.2 -5.466 1.722 10.659 1.571 0.966
Car -1 -1 -10 733 179 823 235 1.5 1.8 4.2 4.447 1.663 21.415 1.571 0.966
Car -1 -1 -10 -1 199 111 357 1.5 1.8 4.2 -5.222 1.713 8.813 1.571 0.961
Car -1 -1 -10 801 177 913 255 1.5 1.8 4.2 4.509 1.517 15.429 1.571 0.938
Car -1 -1 -10 138 192 296 268 1.5 1.8 4.2 -5.103 1.221 11.365 1.571 0.934
Car -1 -1 -10 404 181 500 231 1.5 1.8 4.2 -5.895 2.152 28.813 1.571 0.894
Car -1 -1 -10 259 169 421 251 1.5 1.8 4.2 -5.655 1.621 17.070 1.571 0.866
Car -1 -1 -10 632 181 678 213 1.5 1.8 4.2 1.919 1.750 33.551 1.571 0.849
Car -1 -1 -10 224 187 342 265 1.5 1.8 4.2 -4.913 1.369 12.819 1.571 0.501
