Car -1 -1 -10 243 192 385 264 1.5 1.8 4.2 -6.672 2.038 18.236 1.571 0.990
Car -1 -1 -10 763 175 929 261 1.5 1.8 4.2 4.075 1.542 14.725 1.571 0.985
Car -1 -1 -10 596 183 668 247 1.5 1.8 4.2 0.451 1.696 18.612 1.571 0.971
Car -1 -1 -10 88 183 220 239 1.5 1.8 4.2 -13.723 1.983 23.737 1.571 0.965
Car -1 -1 -10 419 186 473 214 1.5 1.8 4.2 -8.792 2.196 40.611 1.571 0.958
Car -1 -1 -10 534 181 566 205 1.5 1.8 4.2 -4.182 2.085 52.004 1.571 0.941
Car -1 -1 -10 473 186 525 216 1.5 1.8 4.2 -5.045 1.944 34.617 1.571 0.936
Car -1 -1 -10 702 185 782 225 1.5 1.8 4.2 4.107 1.641 24.812 1.571 0.931
Car -1 -1 -10 589 185 607 201 1.5 1.8 4.2 -0.980 2.234 59.388 1.571 0.832
Car -1 -1 -10 669 184 721 216 1.5 1.8 4.2 3.275 1.685 30.284 1.571 0.611
Car -1 -1 -10 337 178 408 224 1.5 1.8 4.2 -8.804 2.027 30.697 1.571 0.546
