Car -1 -1 -10 22 196 302 324 1.5 1.8 4.2 -4.672 1.556 9.531 1.571 0.998
Car -1 -1 -10 900 202 1176 284 1.5 1.8 4.2 6.015 1.576 12.335 1.571 0.995
Car -1 -1 -10 725 183 855 227 1.5 1.8 4.2 5.335 1.619 23.683 1.571 0.980
Car -1 -1 -10 851 182 991 264 1.5 1.8 4.2 5.209 1.542 14.311 1.571 0.976
Car -1 -1 -10 298 176 452 236 1.5 1.8 4.2 -5.413 1.440 18.559 1.571 0.955
Car -1 -1 -10 -1 227 119 361 1.5 1.8 4.2 -4.557 1.536 7.991 1.571 0.888
Car -1 -1 -10 634 182 676 206 1.5 1.8 4.2 2.035 1.529 35.393 1.571 0.885
Car -1 -1 -10 177 187 327 271 1.5 1.8 4.2 -5.511 1.495 13.095 1.571 0.874
Car -1 -1 -10 448 177 512 213 1.5 1.8 4.2 -5.411 1.657 31.886 1.571 0.856
Car -1 -1 -10 269 186 413 266 1.5 1.8 4.2 -4.638 1.587 14.393 1.571 0.849
