Car -1 -1 -10 319 198 489 302 1.5 1.8 4.2 -2.871 1.765 11.960 1.571 0.974
Car -1 -1 -10 -5 214 325 372 1.5 1.8 4.2 -2.912 1.262 6.673 1.571 0.970
Car -1 -1 -10 997 169 1211 295 1.5 1.8 4.2 5.133 1.283 9.682 1.571 0.968
Car -1 -1 -10 1150 173 1238 363 1.5 1.8 4.2 4.544 1.498 7.787 1.571 0.959
Car -1 -1 -10 931 163 1007 195 1.5 1.8 4.2 17.814 1.101 37.985 1.571 0.946
Car -1 -1 -10 459 180 529 252 1.5 1.8 4.2 -2.487 1.660 17.238 1.571 0.940
Car -1 -1 -10 502 179 556 221 1.5 1.8 4.2 -2.847 1.664 27.046 1.571 0.919
Car -1 -1 -10 717 177 817 247 1.5 1.8 4.2 3.007 1.445 16.165 1.571 0.851
Car -1 -1 -10 808 178 864 220 1.5 1.8 4.2 7.107 1.492 24.946 1.571 0.838
Car -1 -1 -10 976 172 1024 206 1.5 1.8 4.2 13.917 1.186 27.934 1.571 0.817
Car -1 -1 -10 909 158 947 174 1.5 1.8 4.2 25.293 0.091 59.551 1.571 0.753
Car -1 -1 -10 524 187 568 215 1.5 1.8 4.2 -2.106 1.639 30.158 1.571 0.599
