Car -1 -1 -10 347 196 463 276 1.5 1.8 4.2 -3.621 1.794 14.653 1.571 0.984
Car -1 -1 -10 791 163 935 219 1.5 1.8 4.2 7.182 1.319 22.723 1.571 0.977
Car -1 -1 -10 -8 204 386 378 1.5 1.8 4.2 -3.253 1.556 7.575 1.571 0.964
Car -1 -1 -10 485 184 515 208 1.5 1.8 4.2 -6.397 2.032 43.822 1.571 0.945
Car -1 -1 -10 523 183 541 199 1.5 1.8 4.2 -5.697 1.899 54.519 1.571 0.867
Car -1 -1 -10 740 168 816 200 1.5 1.8 4.2 6.729 1.094 31.192 1.571 0.832
Car -1 -1 -10 3 227 91 313 1.5 1.8 4.2 -5.938 1.464 9.637 1.571 0.806
Car -1 -1 -10 649 182 705 218 1.5 1.8 4.2 2.262 1.556 26.968 1.571 0.729
Car -1 -1 -10 506 183 537 203 1.5 1.8 4.2 -5.822 1.836 46.049 1.571 0.563
Car -1 -1 -10 534 183 554 195 1.5 1.8 4.2 -5.427 1.812 61.139 1.571 0.554
