Car -1 -1 -10 741 186 997 322 1.5 1.8 4.2 2.531 1.490 9.312 1.571 0.998
Car -1 -1 -10 682 177 736 205 1.5 1.8 4.2 4.903 1.605 38.130 1.571 0.887
Car -1 -1 -10 426 173 506 215 1.5 1.8 4.2 -4.274 1.236 23.270 1.571 0.859
Car -1 -1 -10 5 171 163 303 1.5 1.8 4.2 -5.589 1.368 9.688 1.571 0.859
Car -1 -1 -10 727 178 793 212 1.5 1.8 4.2 5.209 1.371 27.382 1.571 0.822
Car -1 -1 -10 395 173 471 221 1.5 1.8 4.2 -4.844 1.304 21.642 1.571 0.806
Car -1 -1 -10 827 184 1041 242 1.5 1.8 4.2 5.976 1.287 15.530 1.571 0.742
Car -1 -1 -10 -1 179 93 353 1.5 1.8 4.2 -5.133 1.621 8.592 1.571 0.686
Car -1 -1 -10 110 182 382 288 1.5 1.8 4.2 -5.015 1.568 11.930 1.571 0.646
Car -1 -1 -10 632 172 658 196 1.5 1.8 4.2 2.248 1.313 49.126 1.571 0.606
