Car -1 -1 -10 20 178 318 350 1.5 1.8 4.2 -3.783 1.496 8.194 1.571 0.999
Car -1 -1 -10 736 188 846 260 1.5 1.8 4.2 3.520 1.720 16.345 1.571 0.999
Car -1 -1 -10 587 182 657 236 1.5 1.8 4.2 0.251 1.587 20.235 1.571 0.996
Car -1 -1 -10 274 183 408 289 1.5 1.8 4.2 -3.693 1.570 11.856 1.571 0.996
Car -1 -1 -10 365 185 467 259 1.5 1.8 4.2 -3.257 1.421 14.008 1.571 0.995
Car -1 -1 -10 704 176 772 234 1.5 1.8 4.2 3.704 1.793 23.256 1.571 0.984
Car -1 -1 -10 440 179 526 237 1.5 1.8 4.2 -3.382 1.682 21.025 1.571 0.963
Car -1 -1 -10 -2 157 102 257 1.5 1.8 4.2 -9.752 1.457 14.595 1.571 0.824
Car -1 -1 -10 510 179 560 209 1.5 1.8 4.2 -3.283 1.561 33.272 1.571 0.732
Car -1 -1 -10 675 180 711 218 1.5 1.8 4.2 2.621 1.451 25.299 1.571 0.690
Car -1 -1 -10 535 179 567 207 1.5 1.8 4.2 -2.631 1.498 33.751 1.571 0.600
