Car -1 -1 -10 363 188 437 232 1.5 1.8 4.2 -6.295 1.759 23.562 1.571 0.998
Car -1 -1 -10 815 162 1061 316 1.5 1.8 4.2 3.280 1.456 9.443 1.571 0.990
Car -1 -1 -10 979 170 1249 386 1.5 1.8 4.2 2.912 1.256 6.354 1.571 0.988
Car -1 -1 -10 587 175 637 215 1.5 1.8 4.2 0.025 1.512 27.992 1.571 0.898
Car -1 -1 -10 697 175 753 215 1.5 1.8 4.2 3.910 1.450 26.926 1.571 0.889
Car -1 -1 -10 742 177 842 251 1.5 1.8 4.2 3.557 1.550 16.412 1.571 0.882
Car -1 -1 -10 790 184 907 262 1.5 1.8 4.2 3.310 1.435 13.717 1.571 0.858
Car -1 -1 -10 437 179 473 203 1.5 1.8 4.2 -10.115 1.765 49.029 1.571 0.850
Car -1 -1 -10 500 183 526 197 1.5 1.8 4.2 -7.364 1.826 56.666 1.571 0.750
Car -1 -1 -10 654 176 690 202 1.5 1.8 4.2 2.811 1.341 35.304 1.571 0.619
