Car -1 -1 -10 16 194 220 274 1.5 1.8 4.2 -9.905 2.025 16.549 1.571 0.999
Car -1 -1 -10 590 182 704 282 1.5 1.8 4.2 0.480 1.580 12.545 1.571 0.995
Car -1 -1 -10 226 181 308 221 1.5 1.8 4.2 -13.037 1.823 29.429 1.571 0.982
Car -1 -1 -10 295 191 397 255 1.5 1.8 4.2 -6.589 2.034 19.967 1.571 0.966
Car -1 -1 -10 514 181 554 205 1.5 1.8 4.2 -4.543 1.906 44.889 1.571 0.957
Car -1 -1 -10 718 177 840 233 1.5 1.8 4.2 4.322 1.556 20.770 1.571 0.950
Car -1 -1 -10 449 179 501 203 1.5 1.8 4.2 -2.932 0.643 17.488 1.571 0.883
Car -1 -1 -10 692 179 724 209 1.5 1.8 4.2 3.870 1.444 30.921 1.571 0.716
Car -1 -1 -10 413 180 449 212 1.5 1.8 4.2 -8.627 1.877 36.710 1.571 0.615
Car -1 -1 -10 575 185 593 195 1.5 1.8 4.2 -1.879 1.574 53.397 1.571 0.613
Car -1 -1 -10 586 187 602 199 1.5 1.8 4.2 -1.285 2.055 58.821 1.571 0.603
