Car -1 -1 -10 1127 178 1169 202 1.5 1.8 4.2 33.369 1.685 46.900 1.571 0.910
Car -1 -1 -10 592 184 626 210 1.5 1.8 4.2 -0.090 1.832 37.683 1.571 0.894
Car -1 -1 -10 1014 177 1058 201 1.5 1.8 4.2 21.893 1.243 39.248 1.571 0.827
Car -1 -1 -10 1088 179 1136 203 1.5 1.8 4.2 28.163 1.525 42.633 1.571 0.765
Car -1 -1 -10 980 178 1020 202 1.5 1.8 4.2 21.104 1.363 41.215 1.571 0.743
Car -1 -1 -10 1154 180 1216 200 1.5 1.8 4.2 41.262 1.949 53.916 1.571 0.742
Car -1 -1 -10 571 180 587 204 1.5 1.8 4.2 -1.967 1.567 47.067 1.571 0.697
Car -1 -1 -10 350 187 382 205 1.5 1.8 4.2 -20.840 2.742 63.653 1.571 0.687
Car -1 -1 -10 107 204 139 220 1.5 1.8 4.2 -36.394 3.520 55.979 1.571 0.677
Car -1 -1 -10 701 174 725 188 1.5 1.8 4.2 8.384 1.236 61.013 1.571 0.610
