Car -1 -1 -10 55 204 427 376 1.5 1.8 4.2 -2.351 1.261 6.582 1.571 0.999
Car -1 -1 -10 561 180 623 230 1.5 1.8 4.2 -0.567 1.644 22.858 1.571 0.996
Car -1 -1 -10 770 172 1070 386 1.5 1.8 4.2 2.357 1.661 7.722 1.571 0.994
Car -1 -1 -10 333 195 485 289 1.5 1.8 4.2 -2.617 1.479 11.292 1.571 0.988
Car -1 -1 -10 521 178 565 210 1.5 1.8 4.2 -2.977 1.626 33.694 1.571 0.974
Car -1 -1 -10 438 177 496 213 1.5 1.8 4.2 -6.196 1.727 33.144 1.571 0.823
Car -1 -1 -10 616 173 638 195 1.5 1.8 4.2 1.167 1.561 52.963 1.571 0.792
Car -1 -1 -10 493 177 525 201 1.5 1.8 4.2 -6.467 1.729 48.055 1.571 0.619
Car -1 -1 -10 150 187 222 211 1.5 1.8 4.2 -8.699 0.778 16.813 1.571 0.552
Car -1 -1 -10 381 178 423 192 1.5 1.8 4.2 -15.241 1.400 54.865 1.571 0.507
