Car -1 -1 -10 3 241 131 369 1.5 1.8 4.2 -4.414 1.573 7.887 1.571 0.998
Car -1 -1 -10 5 186 221 314 1.5 1.8 4.2 -5.028 1.411 9.316 1.571 0.996
Car -1 -1 -10 708 187 848 277 1.5 1.8 4.2 2.585 1.637 13.440 1.571 0.990
Car -1 -1 -10 194 192 354 284 1.5 1.8 4.2 -4.809 1.572 12.306 1.571 0.969
Car -1 -1 -10 465 178 529 202 1.5 1.8 4.2 -5.209 1.332 35.093 1.571 0.939
Car -1 -1 -10 317 175 429 239 1.5 1.8 4.2 -5.584 1.544 18.943 1.571 0.931
Car -1 -1 -10 814 188 910 236 1.5 1.8 4.2 6.219 1.571 20.054 1.571 0.930
Car -1 -1 -10 698 174 822 212 1.5 1.8 4.2 4.932 1.299 26.054 1.571 0.885
Car -1 -1 -10 208 173 396 249 1.5 1.8 4.2 -5.056 1.236 13.815 1.571 0.799
Car -1 -1 -10 362 171 502 227 1.5 1.8 4.2 -6.052 1.826 26.443 1.571 0.639
