Car -1 -1 -10 405 178 539 248 1.5 1.8 4.2 -3.140 1.681 18.245 1.571 0.996
Car -1 -1 -10 601 176 691 234 1.5 1.8 4.2 0.841 1.515 19.980 1.571 0.994
Car -1 -1 -10 681 170 707 194 1.5 1.8 4.2 5.565 1.209 50.184 1.571 0.966
Car -1 -1 -10 1202 151 1236 175 1.5 1.8 4.2 41.772 -0.128 51.628 1.571 0.923
Car -1 -1 -10 718 171 748 195 1.5 1.8 4.2 7.075 1.222 43.820 1.571 0.891
Car -1 -1 -10 1170 156 1202 174 1.5 1.8 4.2 40.380 0.080 52.721 1.571 0.857
Car -1 -1 -10 1039 156 1079 180 1.5 1.8 4.2 26.622 0.186 44.939 1.571 0.736
Car -1 -1 -10 531 179 559 199 1.5 1.8 4.2 -4.811 1.923 55.176 1.571 0.642
Car -1 -1 -10 1136 153 1172 177 1.5 1.8 4.2 34.410 0.009 47.786 1.571 0.626
Car -1 -1 -10 1104 155 1140 179 1.5 1.8 4.2 29.661 0.124 43.951 1.571 0.552
