Car -1 -1 -10 5 178 145 310 1.5 1.8 4.2 -7.210 1.833 11.747 1.571 0.983
Car -1 -1 -10 77 178 221 272 1.5 1.8 4.2 -7.513 1.604 13.773 1.571 0.982
Car -1 -1 -10 196 181 302 247 1.5 1.8 4.2 -8.443 1.723 18.871 1.571 0.973
Car -1 -1 -10 292 183 372 233 1.5 1.8 4.2 -6.919 1.486 19.925 1.571 0.950
Car -1 -1 -10 402 181 460 211 1.5 1.8 4.2 -7.357 1.558 31.578 1.571 0.903
Car -1 -1 -10 649 175 675 193 1.5 1.8 4.2 3.719 1.452 54.124 1.571 0.887
Car -1 -1 -10 1125 149 1245 183 1.5 1.8 4.2 13.513 0.239 19.122 1.571 0.824
Car -1 -1 -10 453 181 475 205 1.5 1.8 4.2 -6.739 1.474 35.199 1.571 0.728
Car -1 -1 -10 471 179 491 203 1.5 1.8 4.2 -6.652 1.443 39.088 1.571 0.715
Car -1 -1 -10 489 177 509 191 1.5 1.8 4.2 -7.956 1.295 53.620 1.571 0.654
Car -1 -1 -10 1076 152 1198 178 1.5 1.8 4.2 14.417 0.141 21.908 1.571 0.644
Car -1 -1 -10 680 174 702 190 1.5 1.8 4.2 6.263 1.331 58.143 1.571 0.644
Car -1 -1 -10 572 179 592 189 1.5 1.8 4.2 -2.320 1.322 61.201 1.571 0.635
Car -1 -1 -10 386 179 418 203 1.5 1.8 4.2 -10.296 1.437 37.677 1.571 0.524
Car -1 -1 -10 996 141 1146 175 1.5 1.8 4.2 14.845 0.069 25.410 1.571 0.507
