Car -1 -1 -10 694 177 818 267 1.5 1.8 4.2 2.336 1.541 13.915 1.571 0.995
Car -1 -1 -10 752 191 980 315 1.5 1.8 4.2 2.583 1.466 9.542 1.571 0.995
Car -1 -1 -10 500 181 550 219 1.5 1.8 4.2 -3.011 1.609 27.260 1.571 0.986
Car -1 -1 -10 637 182 665 200 1.5 1.8 4.2 1.757 1.393 39.142 1.571 0.904
Car -1 -1 -10 656 179 692 219 1.5 1.8 4.2 2.118 1.561 26.509 1.571 0.875
Car -1 -1 -10 386 182 448 206 1.5 1.8 4.2 -11.863 1.909 46.320 1.571 0.849
Car -1 -1 -10 592 171 610 195 1.5 1.8 4.2 -0.586 1.171 46.247 1.571 0.749
Car -1 -1 -10 678 176 740 238 1.5 1.8 4.2 2.011 1.358 17.140 1.571 0.702
Car -1 -1 -10 621 177 635 189 1.5 1.8 4.2 1.325 1.214 56.361 1.571 0.574
Car -1 -1 -10 602 170 618 194 1.5 1.8 4.2 -0.032 1.028 51.069 1.571 0.521
