Car -1 -1 -10 400 191 472 235 1.5 1.8 4.2 -5.431 1.922 24.418 1.571 0.994
Car -1 -1 -10 1 237 109 375 1.5 1.8 4.2 -5.162 1.859 8.736 1.571 0.993
Car -1 -1 -10 1009 142 1245 228 1.5 1.8 4.2 8.353 0.897 13.834 1.571 0.992
Car -1 -1 -10 288 197 406 265 1.5 1.8 4.2 -5.556 1.928 17.198 1.571 0.985
Car -1 -1 -10 965 140 1109 218 1.5 1.8 4.2 8.120 0.864 15.911 1.571 0.970
Car -1 -1 -10 697 178 785 234 1.5 1.8 4.2 2.911 1.383 18.422 1.571 0.942
Car -1 -1 -10 848 151 1012 213 1.5 1.8 4.2 7.940 1.002 20.118 1.571 0.920
Car -1 -1 -10 79 205 303 347 1.5 1.8 4.2 -5.325 2.189 11.172 1.571 0.880
Car -1 -1 -10 663 179 708 209 1.5 1.8 4.2 2.553 1.422 30.500 1.571 0.812
Car -1 -1 -10 597 173 619 187 1.5 1.8 4.2 -0.188 1.143 60.440 1.571 0.574
Car -1 -1 -10 636 175 664 201 1.5 1.8 4.2 2.364 1.688 45.385 1.571 0.544
Car -1 -1 -10 839 157 941 205 1.5 1.8 4.2 7.479 0.864 21.502 1.571 0.531
