Car -1 -1 -10 203 179 331 235 1.5 1.8 4.2 -8.524 1.535 19.923 1.571 0.998
Car -1 -1 -10 1 219 227 375 1.5 1.8 4.2 -3.684 1.477 7.373 1.571 0.996
Car -1 -1 -10 431 184 499 230 1.5 1.8 4.2 -4.434 1.728 23.923 1.571 0.994
Car -1 -1 -10 683 183 773 241 1.5 1.8 4.2 2.400 1.416 17.098 1.571 0.993
Car -1 -1 -10 846 207 1226 373 1.5 1.8 4.2 2.290 1.104 6.079 1.571 0.987
Car -1 -1 -10 762 193 946 327 1.5 1.8 4.2 2.519 1.627 9.718 1.571 0.977
Car -1 -1 -10 475 172 527 212 1.5 1.8 4.2 -4.148 1.473 29.256 1.571 0.939
Car -1 -1 -10 649 175 683 211 1.5 1.8 4.2 2.028 1.413 28.826 1.571 0.856
Car -1 -1 -10 674 179 738 221 1.5 1.8 4.2 1.949 1.174 19.701 1.571 0.749
Car -1 -1 -10 534 176 556 192 1.5 1.8 4.2 -5.798 1.701 66.208 1.571 0.631
