Car -1 -1 -10 796 186 1182 354 1.5 1.8 4.2 3.204 1.559 8.310 1.571 0.999
Car -1 -1 -10 49 185 379 377 1.5 1.8 4.2 -3.312 1.677 8.028 1.571 0.998
Car -1 -1 -10 744 175 852 255 1.5 1.8 4.2 3.491 1.549 15.704 1.571 0.998
Car -1 -1 -10 492 174 580 236 1.5 1.8 4.2 -2.064 1.718 21.731 1.571 0.978
Car -1 -1 -10 642 174 708 208 1.5 1.8 4.2 2.612 1.436 31.586 1.571 0.973
Car -1 -1 -10 709 169 737 193 1.5 1.8 4.2 6.461 1.101 43.589 1.571 0.894
Car -1 -1 -10 371 168 491 266 1.5 1.8 4.2 -3.471 1.778 15.873 1.571 0.830
Car -1 -1 -10 895 154 961 192 1.5 1.8 4.2 14.576 0.880 35.268 1.571 0.735
Car -1 -1 -10 823 163 857 187 1.5 1.8 4.2 15.857 0.839 51.943 1.571 0.721
Car -1 -1 -10 327 181 367 205 1.5 1.8 4.2 -12.924 1.378 37.445 1.571 0.589
Car -1 -1 -10 959 152 993 186 1.5 1.8 4.2 17.289 0.622 36.265 1.571 0.568
Car -1 -1 -10 3 233 47 369 1.5 1.8 4.2 -8.056 2.682 11.967 1.571 0.534
Car -1 -1 -10 702 172 728 196 1.5 1.8 4.2 5.615 1.192 40.951 1.571 0.523
