Car -1 -1 -10 32 193 204 257 1.5 1.8 4.2 -10.802 1.838 17.865 1.571 0.996
Car -1 -1 -10 433 181 555 243 1.5 1.8 4.2 -2.866 1.702 19.609 1.571 0.978
Car -1 -1 -10 1200 151 1238 175 1.5 1.8 4.2 41.667 -0.127 51.505 1.571 0.914
Car -1 -1 -10 668 173 694 197 1.5 1.8 4.2 3.809 1.308 41.196 1.571 0.881
Car -1 -1 -10 695 172 715 188 1.5 1.8 4.2 6.607 1.058 52.518 1.571 0.856
Car -1 -1 -10 1171 156 1203 174 1.5 1.8 4.2 41.578 0.082 54.131 1.571 0.810
Car -1 -1 -10 1039 156 1079 180 1.5 1.8 4.2 25.915 0.239 43.804 1.571 0.756
Car -1 -1 -10 1104 155 1142 179 1.5 1.8 4.2 30.269 0.186 44.724 1.571 0.747
Car -1 -1 -10 1137 154 1173 178 1.5 1.8 4.2 36.962 0.077 51.078 1.571 0.680
Car -1 -1 -10 294 192 320 206 1.5 1.8 4.2 -24.476 2.674 60.321 1.571 0.531
