Car -1 -1 -10 1048 198 1242 360 1.5 1.8 4.2 4.550 1.612 8.315 1.571 0.998
Car -1 -1 -10 4 191 142 367 1.5 1.8 4.2 -4.660 1.663 8.283 1.571 0.995
Car -1 -1 -10 902 186 1112 314 1.5 1.8 4.2 4.734 1.703 10.808 1.571 0.994
Car -1 -1 -10 790 182 946 266 1.5 1.8 4.2 4.810 1.756 15.702 1.571 0.990
Car -1 -1 -10 30 179 250 307 1.5 1.8 4.2 -5.169 1.459 9.947 1.571 0.974
Car -1 -1 -10 746 176 858 242 1.5 1.8 4.2 4.333 1.579 18.580 1.571 0.963
Car -1 -1 -10 171 164 369 260 1.5 1.8 4.2 -5.860 1.488 14.419 1.571 0.945
Car -1 -1 -10 373 179 491 213 1.5 1.8 4.2 -6.157 1.378 26.868 1.571 0.929
Car -1 -1 -10 632 178 678 212 1.5 1.8 4.2 1.714 1.530 30.306 1.571 0.908
Car -1 -1 -10 870 185 984 273 1.5 1.8 4.2 4.287 1.372 11.986 1.571 0.764
Car -1 -1 -10 615 172 639 196 1.5 1.8 4.2 0.878 1.086 41.016 1.571 0.591
