Car -1 -1 -10 681 185 777 245 1.5 1.8 4.2 2.538 1.571 17.810 1.571 0.998
Car -1 -1 -10 578 178 640 220 1.5 1.8 4.2 -0.079 1.409 23.673 1.571 0.994
Car -1 -1 -10 515 178 577 220 1.5 1.8 4.2 -2.146 1.546 25.760 1.571 0.991
Car -1 -1 -10 273 179 409 251 1.5 1.8 4.2 -5.854 1.685 17.660 1.571 0.985
Car -1 -1 -10 347 174 455 234 1.5 1.8 4.2 -5.125 1.484 19.614 1.571 0.928
Car -1 -1 -10 423 179 483 217 1.5 1.8 4.2 -5.661 1.579 27.905 1.571 0.926
Car -1 -1 -10 3 214 343 374 1.5 1.8 4.2 -2.281 1.022 5.767 1.571 0.837
Car -1 -1 -10 636 173 662 197 1.5 1.8 4.2 2.062 1.246 40.953 1.571 0.813
Car -1 -1 -10 480 178 526 202 1.5 1.8 4.2 -5.220 1.362 37.024 1.571 0.631
Car -1 -1 -10 0 185 90 233 1.5 1.8 4.2 -13.177 1.397 18.861 1.571 0.552
