Car -1 -1 -10 202 176 340 226 1.5 1.8 4.2 -10.688 1.668 24.746 1.571 0.972
Car -1 -1 -10 432 179 498 213 1.5 1.8 4.2 -5.793 1.591 30.704 1.571 0.955
Car -1 -1 -10 568 179 620 203 1.5 1.8 4.2 -0.909 1.586 41.381 1.571 0.880
Car -1 -1 -10 648 178 672 192 1.5 1.8 4.2 3.968 1.530 59.753 1.571 0.840
Car -1 -1 -10 503 178 537 202 1.5 1.8 4.2 -5.372 1.609 44.879 1.571 0.767
Car -1 -1 -10 670 176 690 190 1.5 1.8 4.2 5.922 1.456 63.397 1.571 0.704
Car -1 -1 -10 757 176 793 192 1.5 1.8 4.2 13.068 1.519 59.364 1.571 0.676
Car -1 -1 -10 635 178 653 190 1.5 1.8 4.2 2.532 1.291 56.441 1.571 0.606
Car -1 -1 -10 879 170 905 180 1.5 1.8 4.2 26.011 0.659 68.707 1.571 0.585
Car -1 -1 -10 1154 168 1186 180 1.5 1.8 4.2 45.058 0.575 60.190 1.571 0.577
Car -1 -1 -10 1122 170 1150 180 1.5 1.8 4.2 42.926 0.583 61.020 1.571 0.534
