Car -1 -1 -10 584 184 654 236 1.5 1.8 4.2 0.163 1.508 19.339 1.571 0.998
Car -1 -1 -10 286 176 462 254 1.5 1.8 4.2 -4.269 1.449 14.987 1.571 0.993
Car -1 -1 -10 2 172 100 260 1.5 1.8 4.2 -10.558 1.637 15.659 1.571 0.987
Car -1 -1 -10 699 182 751 230 1.5 1.8 4.2 3.207 1.618 22.533 1.571 0.978
Car -1 -1 -10 415 180 487 242 1.5 1.8 4.2 -3.672 1.574 18.525 1.571 0.942
Car -1 -1 -10 485 179 543 217 1.5 1.8 4.2 -3.197 1.448 25.766 1.571 0.889
Car -1 -1 -10 681 176 739 218 1.5 1.8 4.2 3.094 1.418 24.775 1.571 0.883
Car -1 -1 -10 268 174 326 206 1.5 1.8 4.2 -13.633 1.439 33.428 1.571 0.826
Car -1 -1 -10 447 180 515 234 1.5 1.8 4.2 -3.307 1.543 20.311 1.571 0.786
Car -1 -1 -10 132 166 232 230 1.5 1.8 4.2 -10.270 1.364 19.326 1.571 0.543
