Car -1 -1 -10 930 186 1218 342 1.5 1.8 4.2 4.622 1.705 9.376 1.571 0.999
Car -1 -1 -10 813 174 1055 280 1.5 1.8 4.2 4.412 1.477 12.050 1.571 0.998
Car -1 -1 -10 -2 183 116 363 1.5 1.8 4.2 -5.091 1.730 8.666 1.571 0.994
Car -1 -1 -10 630 179 690 223 1.5 1.8 4.2 1.590 1.642 25.731 1.571 0.990
Car -1 -1 -10 1155 190 1245 370 1.5 1.8 4.2 4.526 1.532 7.706 1.571 0.990
Car -1 -1 -10 14 158 228 332 1.5 1.8 4.2 -5.669 1.826 10.380 1.571 0.975
Car -1 -1 -10 291 184 437 214 1.5 1.8 4.2 -6.450 1.070 20.869 1.571 0.889
Car -1 -1 -10 615 175 643 201 1.5 1.8 4.2 0.880 1.364 37.063 1.571 0.874
Car -1 -1 -10 383 183 443 217 1.5 1.8 4.2 -5.585 1.240 22.374 1.571 0.823
Car -1 -1 -10 506 177 524 193 1.5 1.8 4.2 -6.874 1.451 54.076 1.571 0.758
Car -1 -1 -10 539 176 555 186 1.5 1.8 4.2 -5.500 1.142 64.815 1.571 0.688
Car -1 -1 -10 470 178 496 204 1.5 1.8 4.2 -5.404 1.314 32.554 1.571 0.655
Car -1 -1 -10 474 180 506 200 1.5 1.8 4.2 -5.885 1.404 39.425 1.571 0.638
Car -1 -1 -10 523 177 537 189 1.5 1.8 4.2 -6.609 1.328 61.475 1.571 0.590
Car -1 -1 -10 555 174 567 182 1.5 1.8 4.2 -4.393 0.815 66.458 1.571 0.579
