Car -1 -1 -10 443 172 615 276 1.5 1.8 4.2 -1.302 1.588 13.208 1.571 0.992
Car -1 -1 -10 398 183 458 217 1.5 1.8 4.2 -7.506 1.810 31.684 1.571 0.973
Car -1 -1 -10 733 172 753 186 1.5 1.8 4.2 10.193 1.010 57.550 1.571 0.948
Car -1 -1 -10 683 169 707 193 1.5 1.8 4.2 5.797 1.107 51.584 1.571 0.916
Car -1 -1 -10 1201 155 1237 171 1.5 1.8 4.2 44.146 -0.135 54.440 1.571 0.903
Car -1 -1 -10 4 196 182 266 1.5 1.8 4.2 -10.984 1.969 17.356 1.571 0.833
Car -1 -1 -10 717 173 729 183 1.5 1.8 4.2 9.345 0.841 61.933 1.571 0.829
Car -1 -1 -10 1170 153 1202 177 1.5 1.8 4.2 39.572 0.078 51.711 1.571 0.826
Car -1 -1 -10 1039 157 1079 181 1.5 1.8 4.2 26.247 0.301 44.337 1.571 0.691
Car -1 -1 -10 1136 154 1172 178 1.5 1.8 4.2 35.978 0.076 49.863 1.571 0.621
Car -1 -1 -10 295 192 317 206 1.5 1.8 4.2 -24.533 2.672 60.265 1.571 0.578
Car -1 -1 -10 1104 155 1140 179 1.5 1.8 4.2 29.758 0.183 44.088 1.571 0.532
