Car -1 -1 -10 760 181 1026 343 1.5 1.8 4.2 2.600 1.598 8.877 1.571 0.999
Car -1 -1 -10 697 186 787 258 1.5 1.8 4.2 2.380 1.570 15.407 1.571 0.985
Car -1 -1 -10 400 190 530 256 1.5 1.8 4.2 -2.753 1.547 15.531 1.571 0.980
Car -1 -1 -10 644 171 670 195 1.5 1.8 4.2 3.445 1.637 55.440 1.571 0.844
Car -1 -1 -10 589 176 607 190 1.5 1.8 4.2 -1.065 1.487 64.671 1.571 0.788
Car -1 -1 -10 663 182 695 208 1.5 1.8 4.2 2.967 1.533 33.574 1.571 0.775
Car -1 -1 -10 673 187 725 233 1.5 1.8 4.2 2.316 1.599 21.284 1.571 0.726
Car -1 -1 -10 535 182 576 208 1.5 1.8 4.2 -1.903 1.485 32.597 1.571 0.704
Car -1 -1 -10 484 179 540 235 1.5 1.8 4.2 -2.127 1.315 17.368 1.571 0.625
Car -1 -1 -10 529 182 567 218 1.5 1.8 4.2 -2.390 1.707 29.387 1.571 0.586
