Car -1 -1 -10 890 172 1188 348 1.5 1.8 4.2 3.239 1.346 7.647 1.571 0.999
Car -1 -1 -10 580 177 704 291 1.5 1.8 4.2 0.347 1.488 11.190 1.571 0.998
Car -1 -1 -10 133 188 279 248 1.5 1.8 4.2 -10.114 1.872 20.073 1.571 0.995
Car -1 -1 -10 709 173 801 217 1.5 1.8 4.2 4.424 1.361 24.357 1.571 0.987
Car -1 -1 -10 3 186 117 284 1.5 1.8 4.2 -9.818 1.973 14.909 1.571 0.979
Car -1 -1 -10 269 177 337 213 1.5 1.8 4.2 -13.476 1.756 33.673 1.571 0.937
Car -1 -1 -10 466 176 498 200 1.5 1.8 4.2 -8.885 1.739 52.005 1.571 0.878
Car -1 -1 -10 437 181 457 205 1.5 1.8 4.2 -8.409 1.599 39.148 1.571 0.718
Car -1 -1 -10 685 177 709 201 1.5 1.8 4.2 3.825 1.206 34.175 1.571 0.531
Car -1 -1 -10 357 177 417 203 1.5 1.8 4.2 -11.192 1.507 38.184 1.571 0.511
