Car -1 -1 -10 440 177 564 235 1.5 1.8 4.2 -2.798 1.581 20.454 1.571 0.992
Car -1 -1 -10 333 182 433 220 1.5 1.8 4.2 -8.247 1.703 28.168 1.571 0.983
Car -1 -1 -10 46 193 142 253 1.5 1.8 4.2 -10.993 1.699 17.398 1.571 0.945
Car -1 -1 -10 1202 155 1236 171 1.5 1.8 4.2 45.031 -0.137 55.488 1.571 0.902
Car -1 -1 -10 705 173 717 185 1.5 1.8 4.2 8.623 1.040 63.877 1.571 0.893
Car -1 -1 -10 606 158 696 232 1.5 1.8 4.2 1.027 1.554 21.057 1.571 0.855
Car -1 -1 -10 3 163 111 361 1.5 1.8 4.2 -6.073 2.046 9.949 1.571 0.852
Car -1 -1 -10 1170 156 1202 174 1.5 1.8 4.2 40.257 0.080 52.567 1.571 0.813
Car -1 -1 -10 1039 156 1079 180 1.5 1.8 4.2 26.845 0.248 45.297 1.571 0.723
Car -1 -1 -10 692 175 702 185 1.5 1.8 4.2 7.496 1.050 64.464 1.571 0.691
Car -1 -1 -10 722 167 756 193 1.5 1.8 4.2 6.742 1.059 40.026 1.571 0.629
Car -1 -1 -10 1136 154 1172 178 1.5 1.8 4.2 35.464 0.074 49.183 1.571 0.620
Car -1 -1 -10 1103 155 1141 179 1.5 1.8 4.2 29.881 0.125 44.262 1.571 0.572
Car -1 -1 -10 294 192 318 206 1.5 1.8 4.2 -23.656 2.576 58.180 1.571 0.510
