Car -1 -1 -10 550 180 600 218 1.5 1.8 4.2 -1.273 1.582 27.385 1.571 0.995
Car -1 -1 -10 282 189 520 341 1.5 1.8 4.2 -2.182 1.709 9.433 1.571 0.995
Car -1 -1 -10 659 182 735 240 1.5 1.8 4.2 1.986 1.573 19.005 1.571 0.988
Car -1 -1 -10 -30 243 408 375 1.5 1.8 4.2 -1.897 0.881 5.247 1.571 0.987
Car -1 -1 -10 640 183 674 219 1.5 1.8 4.2 1.487 1.507 25.669 1.571 0.903
Car -1 -1 -10 210 181 340 251 1.5 1.8 4.2 -6.276 1.451 15.501 1.571 0.859
Car -1 -1 -10 320 177 356 201 1.5 1.8 4.2 -14.632 1.403 40.813 1.571 0.857
Car -1 -1 -10 614 183 644 209 1.5 1.8 4.2 0.747 1.505 32.147 1.571 0.849
Car -1 -1 -10 85 186 229 228 1.5 1.8 4.2 -14.862 1.803 25.696 1.571 0.811
Car -1 -1 -10 482 179 520 211 1.5 1.8 4.2 -4.989 1.731 34.843 1.571 0.641
Car -1 -1 -10 515 178 543 202 1.5 1.8 4.2 -4.494 1.493 41.799 1.571 0.604
Car -1 -1 -10 539 176 557 192 1.5 1.8 4.2 -4.825 1.481 57.922 1.571 0.593
