Car -1 -1 -10 792 166 1150 264 1.5 1.8 4.2 4.942 1.262 12.090 1.571 0.996
Car -1 -1 -10 380 187 460 243 1.5 1.8 4.2 -4.981 1.820 20.823 1.571 0.996
Car -1 -1 -10 479 179 547 235 1.5 1.8 4.2 -2.666 1.676 21.558 1.571 0.983
Car -1 -1 -10 789 151 925 197 1.5 1.8 4.2 9.481 0.931 29.929 1.571 0.960
Car -1 -1 -10 592 175 626 203 1.5 1.8 4.2 -0.099 1.963 49.102 1.571 0.898
Car -1 -1 -10 1162 147 1240 185 1.5 1.8 4.2 21.055 0.433 27.862 1.571 0.881
Car -1 -1 -10 1085 145 1215 181 1.5 1.8 4.2 20.772 0.314 29.915 1.571 0.825
Car -1 -1 -10 619 177 643 201 1.5 1.8 4.2 1.351 1.789 49.663 1.571 0.804
Car -1 -1 -10 549 174 571 188 1.5 1.8 4.2 -4.138 1.245 61.441 1.571 0.801
Car -1 -1 -10 449 185 489 227 1.5 1.8 4.2 -4.860 1.848 26.726 1.571 0.762
Car -1 -1 -10 641 174 689 202 1.5 1.8 4.2 2.088 1.130 30.083 1.571 0.673
