Car -1 -1 -10 -4 202 234 276 1.5 1.8 4.2 -8.978 1.859 15.108 1.571 1.000
Car -1 -1 -10 723 174 885 282 1.5 1.8 4.2 2.450 1.410 11.422 1.571 0.997
Car -1 -1 -10 695 175 757 241 1.5 1.8 4.2 2.451 1.471 17.676 1.571 0.996
Car -1 -1 -10 418 176 507 234 1.5 1.8 4.2 -3.889 1.834 23.746 1.571 0.984
Car -1 -1 -10 378 189 480 253 1.5 1.8 4.2 -4.330 1.894 19.153 1.571 0.984
Car -1 -1 -10 469 179 531 219 1.5 1.8 4.2 -3.598 1.707 28.799 1.571 0.946
Car -1 -1 -10 525 176 559 200 1.5 1.8 4.2 -5.572 2.214 60.946 1.571 0.915
Car -1 -1 -10 671 179 711 217 1.5 1.8 4.2 2.528 1.404 25.050 1.571 0.895
Car -1 -1 -10 951 176 1241 376 1.5 1.8 4.2 2.599 1.111 6.047 1.571 0.859
Car -1 -1 -10 589 175 609 189 1.5 1.8 4.2 -0.919 1.309 60.632 1.571 0.734
