Car -1 -1 -10 17 165 387 381 1.5 1.8 4.2 -2.969 1.484 7.246 1.571 0.999
Car -1 -1 -10 397 182 509 262 1.5 1.8 4.2 -3.095 1.726 16.076 1.571 0.998
Car -1 -1 -10 727 175 845 255 1.5 1.8 4.2 3.204 1.520 15.456 1.571 0.924
Car -1 -1 -10 551 171 569 189 1.5 1.8 4.2 -3.902 1.251 58.004 1.571 0.899
Car -1 -1 -10 0 251 100 375 1.5 1.8 4.2 -3.044 1.077 5.945 1.571 0.854
Car -1 -1 -10 687 168 767 228 1.5 1.8 4.2 3.046 1.459 21.197 1.571 0.740
Car -1 -1 -10 494 177 544 209 1.5 1.8 4.2 -4.358 2.055 43.120 1.571 0.736
Car -1 -1 -10 532 177 556 201 1.5 1.8 4.2 -4.148 1.754 47.069 1.571 0.625
Car -1 -1 -10 524 171 546 195 1.5 1.8 4.2 -4.491 1.137 44.962 1.571 0.550
Car -1 -1 -10 475 175 527 221 1.5 1.8 4.2 -2.774 1.203 20.127 1.571 0.527
