Car -1 -1 -10 378 196 496 270 1.5 1.8 4.2 -3.275 1.809 15.536 1.571 0.999
Car -1 -1 -10 34 200 284 340 1.5 1.8 4.2 -5.348 1.961 10.565 1.571 0.995
Car -1 -1 -10 268 195 378 281 1.5 1.8 4.2 -5.268 1.965 15.209 1.571 0.994
Car -1 -1 -10 1121 150 1241 260 1.5 1.8 4.2 11.045 1.693 16.124 1.571 0.958
Car -1 -1 -10 417 168 530 242 1.5 1.8 4.2 -3.092 1.895 21.876 1.571 0.943
Car -1 -1 -10 538 185 564 203 1.5 1.8 4.2 -4.358 2.211 55.037 1.571 0.901
Car -1 -1 -10 629 178 699 208 1.5 1.8 4.2 2.265 1.502 32.948 1.571 0.884
Car -1 -1 -10 615 180 641 204 1.5 1.8 4.2 0.986 1.770 43.123 1.571 0.765
Car -1 -1 -10 370 189 432 233 1.5 1.8 4.2 -6.246 1.783 23.494 1.571 0.584
Car -1 -1 -10 547 182 569 200 1.5 1.8 4.2 -3.932 2.037 56.261 1.571 0.548
