Car -1 -1 -10 10 178 416 372 1.5 1.8 4.2 -3.136 1.543 7.693 1.571 0.997
Car -1 -1 -10 435 182 483 212 1.5 1.8 4.2 -7.017 1.808 35.429 1.571 0.938
Car -1 -1 -10 676 170 708 194 1.5 1.8 4.2 4.852 1.141 45.106 1.571 0.924
Car -1 -1 -10 1202 155 1236 171 1.5 1.8 4.2 44.000 -0.134 54.267 1.571 0.911
Car -1 -1 -10 732 170 754 188 1.5 1.8 4.2 9.265 1.058 52.533 1.571 0.884
Car -1 -1 -10 1170 153 1202 177 1.5 1.8 4.2 39.457 0.078 51.566 1.571 0.849
Car -1 -1 -10 1039 156 1079 180 1.5 1.8 4.2 26.066 0.241 44.046 1.571 0.709
Car -1 -1 -10 723 173 733 183 1.5 1.8 4.2 9.076 0.782 57.767 1.571 0.675
Car -1 -1 -10 1136 154 1172 178 1.5 1.8 4.2 34.069 0.072 47.333 1.571 0.665
Car -1 -1 -10 1104 155 1140 179 1.5 1.8 4.2 29.478 0.123 43.693 1.571 0.584
Car -1 -1 -10 518 180 552 198 1.5 1.8 4.2 -5.278 1.759 52.571 1.571 0.561
