Car -1 -1 -10 -5 188 187 348 1.5 1.8 4.2 -4.740 1.580 8.609 1.571 0.998
Car -1 -1 -10 32 172 300 302 1.5 1.8 4.2 -5.200 1.496 10.457 1.571 0.994
Car -1 -1 -10 775 179 879 241 1.5 1.8 4.2 4.781 1.517 18.170 1.571 0.975
Car -1 -1 -10 720 173 794 221 1.5 1.8 4.2 4.739 1.567 25.596 1.571 0.967
Car -1 -1 -10 799 202 1103 376 1.5 1.8 4.2 2.401 1.465 7.305 1.571 0.967
Car -1 -1 -10 859 171 1137 261 1.5 1.8 4.2 5.837 1.338 13.057 1.571 0.958
Car -1 -1 -10 286 171 402 243 1.5 1.8 4.2 -4.967 1.295 15.426 1.571 0.926
Car -1 -1 -10 444 172 520 210 1.5 1.8 4.2 -5.667 1.632 33.804 1.571 0.866
Car -1 -1 -10 314 164 440 224 1.5 1.8 4.2 -5.079 1.103 17.666 1.571 0.843
Car -1 -1 -10 146 173 332 251 1.5 1.8 4.2 -5.504 1.147 12.696 1.571 0.812
Car -1 -1 -10 -1 269 69 377 1.5 1.8 4.2 -4.674 1.635 7.882 1.571 0.603
