Car -1 -1 -10 272 191 490 343 1.5 1.8 4.2 -2.518 1.828 9.854 1.571 0.998
Car -1 -1 -10 658 182 718 230 1.5 1.8 4.2 2.361 1.765 24.391 1.571 0.994
Car -1 -1 -10 496 191 552 231 1.5 1.8 4.2 -2.721 1.807 24.526 1.571 0.984
Car -1 -1 -10 546 184 580 208 1.5 1.8 4.2 -3.189 2.293 50.555 1.571 0.962
Car -1 -1 -10 721 184 863 304 1.5 1.8 4.2 2.338 1.725 11.592 1.571 0.962
Car -1 -1 -10 756 200 1238 386 1.5 1.8 4.2 2.482 1.399 6.838 1.571 0.952
Car -1 -1 -10 634 180 677 208 1.5 1.8 4.2 1.759 1.806 39.179 1.571 0.873
Car -1 -1 -10 640 181 672 217 1.5 1.8 4.2 1.801 1.771 31.055 1.571 0.824
Car -1 -1 -10 589 183 601 195 1.5 1.8 4.2 -1.300 1.882 63.420 1.571 0.606
Car -1 -1 -10 608 182 620 190 1.5 1.8 4.2 0.301 1.404 61.190 1.571 0.561
