Car -1 -1 -10 939 193 1181 333 1.5 1.8 4.2 4.714 1.698 9.751 1.571 0.999
Car -1 -1 -10 1105 202 1241 378 1.5 1.8 4.2 4.348 1.605 7.748 1.571 0.996
Car -1 -1 -10 888 187 1028 281 1.5 1.8 4.2 4.312 1.357 11.159 1.571 0.994
Car -1 -1 -10 799 188 935 268 1.5 1.8 4.2 4.566 1.710 15.071 1.571 0.993
Car -1 -1 -10 8 185 202 341 1.5 1.8 4.2 -5.015 1.650 9.183 1.571 0.988
Car -1 -1 -10 630 180 680 214 1.5 1.8 4.2 1.669 1.567 29.587 1.571 0.969
Car -1 -1 -10 752 179 868 243 1.5 1.8 4.2 4.313 1.531 17.851 1.571 0.961
Car -1 -1 -10 135 168 355 280 1.5 1.8 4.2 -5.819 1.692 13.495 1.571 0.961
Car -1 -1 -10 -1 231 71 363 1.5 1.8 4.2 -5.366 1.755 8.760 1.571 0.892
Car -1 -1 -10 355 181 481 209 1.5 1.8 4.2 -6.191 1.156 25.187 1.571 0.820
Car -1 -1 -10 348 182 480 238 1.5 1.8 4.2 -6.029 1.988 24.117 1.571 0.705
Car -1 -1 -10 520 176 540 192 1.5 1.8 4.2 -5.939 1.414 55.398 1.571 0.669
Car -1 -1 -10 613 173 641 197 1.5 1.8 4.2 1.006 1.355 46.272 1.571 0.537
Car -1 -1 -10 436 180 492 206 1.5 1.8 4.2 -5.307 1.194 28.099 1.571 0.516
