Car -1 -1 -10 -5 187 321 329 1.5 1.8 4.2 -5.632 1.926 11.000 1.571 0.998
Car -1 -1 -10 353 183 569 299 1.5 1.8 4.2 -1.953 1.605 11.285 1.571 0.998
Car -1 -1 -10 670 173 696 195 1.5 1.8 4.2 4.752 1.451 49.397 1.571 0.954
Car -1 -1 -10 1200 155 1236 171 1.5 1.8 4.2 41.417 -0.127 51.290 1.571 0.914
Car -1 -1 -10 1170 156 1202 174 1.5 1.8 4.2 40.883 0.081 53.352 1.571 0.871
Car -1 -1 -10 700 171 740 201 1.5 1.8 4.2 5.116 1.319 35.932 1.571 0.821
Car -1 -1 -10 1039 155 1079 181 1.5 1.8 4.2 26.721 0.187 45.097 1.571 0.691
Car -1 -1 -10 1136 153 1172 179 1.5 1.8 4.2 34.090 0.072 47.362 1.571 0.680
Car -1 -1 -10 510 174 552 192 1.5 1.8 4.2 -5.727 1.380 54.131 1.571 0.655
Car -1 -1 -10 681 173 699 189 1.5 1.8 4.2 5.345 1.085 50.598 1.571 0.643
