Car -1 -1 -10 522 192 552 218 1.5 1.8 4.2 -4.074 2.496 41.996 1.571 0.937
Car -1 -1 -10 732 183 762 199 1.5 1.8 4.2 10.813 2.069 59.194 1.571 0.780
Car -1 -1 -10 1092 197 1152 223 1.5 1.8 4.2 22.765 2.144 34.242 1.571 0.778
Car -1 -1 -10 485 193 501 207 1.5 1.8 4.2 -7.920 2.302 50.742 1.571 0.730
Car -1 -1 -10 1203 191 1241 225 1.5 1.8 4.2 28.587 2.439 35.852 1.571 0.729
Car -1 -1 -10 771 183 807 199 1.5 1.8 4.2 14.892 2.179 62.232 1.571 0.716
Car -1 -1 -10 504 187 524 205 1.5 1.8 4.2 -7.799 2.602 60.521 1.571 0.675
Car -1 -1 -10 1004 194 1044 220 1.5 1.8 4.2 19.792 2.162 36.666 1.571 0.634
Car -1 -1 -10 685 178 709 204 1.5 1.8 4.2 5.313 1.484 46.454 1.571 0.629
Car -1 -1 -10 571 185 607 219 1.5 1.8 4.2 -1.190 2.532 41.699 1.571 0.619
