Car -1 -1 -10 589 180 657 230 1.5 1.8 4.2 0.294 1.513 21.203 1.571 0.996
Car -1 -1 -10 308 180 486 264 1.5 1.8 4.2 -3.682 1.552 14.388 1.571 0.991
Car -1 -1 -10 820 188 1050 334 1.5 1.8 4.2 3.533 1.780 10.070 1.571 0.987
Car -1 -1 -10 223 172 345 242 1.5 1.8 4.2 -7.326 1.542 18.198 1.571 0.985
Car -1 -1 -10 1074 215 1232 375 1.5 1.8 4.2 3.385 1.282 6.677 1.571 0.984
Car -1 -1 -10 767 177 875 255 1.5 1.8 4.2 3.778 1.492 15.205 1.571 0.981
Car -1 -1 -10 21 179 249 269 1.5 1.8 4.2 -7.277 1.461 13.069 1.571 0.964
Car -1 -1 -10 445 175 517 215 1.5 1.8 4.2 -3.725 1.200 22.657 1.571 0.930
Car -1 -1 -10 -1 211 73 377 1.5 1.8 4.2 -6.658 2.347 10.398 1.571 0.865
Car -1 -1 -10 502 174 554 210 1.5 1.8 4.2 -2.900 1.292 27.202 1.571 0.820
Car -1 -1 -10 717 166 821 232 1.5 1.8 4.2 3.749 1.414 19.349 1.571 0.752
Car -1 -1 -10 530 159 590 193 1.5 1.8 4.2 -2.656 1.054 39.871 1.571 0.687
Car -1 -1 -10 8 174 102 216 1.5 1.8 4.2 -12.842 0.994 18.728 1.571 0.634
