Car -1 -1 -10 362 189 542 289 1.5 1.8 4.2 -2.322 1.665 12.447 1.571 0.998
Car -1 -1 -10 820 183 920 251 1.5 1.8 4.2 5.265 1.598 16.858 1.571 0.987
Car -1 -1 -10 560 178 630 226 1.5 1.8 4.2 -0.501 1.600 23.829 1.571 0.981
Car -1 -1 -10 786 178 824 216 1.5 1.8 4.2 6.726 1.498 27.162 1.571 0.951
Car -1 -1 -10 1009 184 1237 374 1.5 1.8 4.2 3.889 1.548 7.652 1.571 0.949
Car -1 -1 -10 808 182 890 236 1.5 1.8 4.2 5.182 1.509 19.343 1.571 0.885
Car -1 -1 -10 662 175 704 203 1.5 1.8 4.2 3.783 1.578 39.877 1.571 0.847
Car -1 -1 -10 627 175 663 211 1.5 1.8 4.2 1.451 1.628 32.898 1.571 0.762
Car -1 -1 -10 765 174 785 190 1.5 1.8 4.2 10.814 1.127 49.532 1.571 0.754
Car -1 -1 -10 746 176 776 192 1.5 1.8 4.2 10.848 1.379 54.081 1.571 0.710
