Car -1 -1 -10 225 190 391 306 1.5 1.8 4.2 -3.943 1.713 11.387 1.571 0.988
Car -1 -1 -10 726 176 799 224 1.5 1.8 4.2 3.743 1.436 22.369 1.571 0.986
Car -1 -1 -10 6 216 246 372 1.5 1.8 4.2 -4.024 1.631 8.011 1.571 0.976
Car -1 -1 -10 522 171 582 205 1.5 1.8 4.2 -2.666 1.454 34.735 1.571 0.969
Car -1 -1 -10 590 174 612 186 1.5 1.8 4.2 -0.705 0.987 56.290 1.571 0.864
Car -1 -1 -10 752 167 888 257 1.5 1.8 4.2 3.547 1.443 14.476 1.571 0.759
Car -1 -1 -10 622 171 642 179 1.5 1.8 4.2 1.910 0.540 65.510 1.571 0.741
Car -1 -1 -10 688 173 721 195 1.5 1.8 4.2 4.357 1.132 38.988 1.571 0.710
Car -1 -1 -10 701 173 753 207 1.5 1.8 4.2 3.991 1.364 30.933 1.571 0.693
Car -1 -1 -10 597 172 617 184 1.5 1.8 4.2 -0.256 0.844 56.725 1.571 0.621
