Car -1 -1 -10 727 196 979 358 1.5 1.8 4.2 1.995 1.564 8.197 1.571 0.991
Car -1 -1 -10 339 192 481 322 1.5 1.8 4.2 -2.277 1.655 10.107 1.571 0.990
Car -1 -1 -10 982 240 1226 364 1.5 1.8 4.2 5.258 2.057 9.864 1.571 0.990
Car -1 -1 -10 7 182 407 376 1.5 1.8 4.2 -2.311 1.134 6.130 1.571 0.973
Car -1 -1 -10 657 187 709 237 1.5 1.8 4.2 1.680 1.521 19.213 1.571 0.946
Car -1 -1 -10 693 187 789 265 1.5 1.8 4.2 2.262 1.629 14.860 1.571 0.914
Car -1 -1 -10 396 188 512 264 1.5 1.8 4.2 -2.346 1.607 14.821 1.571 0.901
Car -1 -1 -10 603 182 631 200 1.5 1.8 4.2 0.466 1.927 53.316 1.571 0.869
Car -1 -1 -10 516 187 556 227 1.5 1.8 4.2 -2.738 1.970 28.352 1.571 0.839
Car -1 -1 -10 634 182 656 198 1.5 1.8 4.2 2.606 1.893 56.426 1.571 0.637
