Car -1 -1 -10 163 191 315 259 1.5 1.8 4.2 -7.076 1.406 15.792 1.571 0.997
Car -1 -1 -10 373 187 487 261 1.5 1.8 4.2 -3.335 1.399 15.372 1.571 0.996
Car -1 -1 -10 10 214 284 374 1.5 1.8 4.2 -2.958 1.188 6.622 1.571 0.988
Car -1 -1 -10 338 184 390 228 1.5 1.8 4.2 -7.666 1.338 24.574 1.571 0.980
Car -1 -1 -10 695 189 797 259 1.5 1.8 4.2 2.621 1.427 16.001 1.571 0.957
Car -1 -1 -10 456 177 516 237 1.5 1.8 4.2 -3.575 1.501 22.930 1.571 0.945
Car -1 -1 -10 537 179 553 205 1.5 1.8 4.2 -3.502 0.873 41.844 1.571 0.846
Car -1 -1 -10 581 178 611 204 1.5 1.8 4.2 -0.728 0.997 44.793 1.571 0.836
Car -1 -1 -10 511 186 541 206 1.5 1.8 4.2 -3.817 1.052 38.471 1.571 0.782
Car -1 -1 -10 649 183 685 215 1.5 1.8 4.2 2.479 1.266 32.652 1.571 0.781
Car -1 -1 -10 484 183 526 211 1.5 1.8 4.2 -3.718 1.022 30.595 1.571 0.779
