Car -1 -1 -10 324 193 390 267 1.5 1.8 4.2 -5.028 1.851 16.286 1.571 0.998
Car -1 -1 -10 725 170 963 324 1.5 1.8 4.2 2.258 1.496 9.242 1.571 0.998
Car -1 -1 -10 371 186 425 236 1.5 1.8 4.2 -5.593 1.651 20.964 1.571 0.994
Car -1 -1 -10 -1 220 133 370 1.5 1.8 4.2 -4.676 1.673 8.225 1.571 0.993
Car -1 -1 -10 669 177 755 255 1.5 1.8 4.2 1.663 1.383 14.250 1.571 0.939
Car -1 -1 -10 646 183 733 241 1.5 1.8 4.2 1.165 1.564 18.667 1.571 0.858
Car -1 -1 -10 631 174 698 218 1.5 1.8 4.2 0.966 1.310 23.038 1.571 0.845
Car -1 -1 -10 85 178 327 322 1.5 1.8 4.2 -4.921 1.795 10.787 1.571 0.812
Car -1 -1 -10 540 173 554 183 1.5 1.8 4.2 -5.459 0.875 64.340 1.571 0.689
Car -1 -1 -10 581 171 620 197 1.5 1.8 4.2 0.070 1.304 41.081 1.571 0.612
