Car -1 -1 -10 779 187 1089 375 1.5 1.8 4.2 2.409 1.539 7.596 1.571 0.999
Car -1 -1 -10 459 186 545 256 1.5 1.8 4.2 -2.153 1.616 16.124 1.571 0.995
Car -1 -1 -10 583 176 641 216 1.5 1.8 4.2 0.017 1.399 25.495 1.571 0.995
Car -1 -1 -10 651 175 693 209 1.5 1.8 4.2 2.266 1.347 29.002 1.571 0.981
Car -1 -1 -10 273 178 407 248 1.5 1.8 4.2 -5.903 1.628 17.734 1.571 0.949
Car -1 -1 -10 383 174 477 210 1.5 1.8 4.2 -5.809 1.189 25.194 1.571 0.931
Car -1 -1 -10 5 180 247 336 1.5 1.8 4.2 -5.251 1.750 9.843 1.571 0.738
Car -1 -1 -10 553 171 573 187 1.5 1.8 4.2 -3.470 1.035 54.906 1.571 0.706
Car -1 -1 -10 502 177 560 239 1.5 1.8 4.2 -1.676 1.359 16.923 1.571 0.660
Car -1 -1 -10 367 172 401 198 1.5 1.8 4.2 -14.004 1.369 46.697 1.571 0.630
