Car -1 -1 -10 778 184 968 286 1.5 1.8 4.2 3.223 1.411 11.097 1.571 0.995
Car -1 -1 -10 995 213 1235 369 1.5 1.8 4.2 2.852 1.131 6.260 1.571 0.990
Car -1 -1 -10 628 170 700 214 1.5 1.8 4.2 1.870 1.460 27.709 1.571 0.990
Car -1 -1 -10 439 182 551 248 1.5 1.8 4.2 -2.449 1.566 17.135 1.571 0.975
Car -1 -1 -10 700 170 728 196 1.5 1.8 4.2 5.309 1.190 39.207 1.571 0.965
Car -1 -1 -10 761 176 831 246 1.5 1.8 4.2 3.657 1.459 16.493 1.571 0.914
Car -1 -1 -10 730 162 760 188 1.5 1.8 4.2 8.715 0.852 48.858 1.571 0.785
Car -1 -1 -10 730 158 782 188 1.5 1.8 4.2 10.156 1.057 52.448 1.571 0.785
Car -1 -1 -10 989 149 1033 187 1.5 1.8 4.2 16.013 0.566 30.993 1.571 0.761
Car -1 -1 -10 914 151 990 195 1.5 1.8 4.2 13.776 0.895 31.257 1.571 0.743
Car -1 -1 -10 823 160 855 186 1.5 1.8 4.2 13.529 0.541 44.841 1.571 0.643
