Car -1 -1 -10 1009 161 1165 247 1.5 1.8 4.2 8.352 1.306 14.816 1.571 0.997
Car -1 -1 -10 698 172 824 254 1.5 1.8 4.2 2.621 1.437 14.882 1.571 0.983
Car -1 -1 -10 -2 237 136 371 1.5 1.8 4.2 -3.200 1.146 6.273 1.571 0.981
Car -1 -1 -10 1182 153 1242 257 1.5 1.8 4.2 10.083 1.417 14.251 1.571 0.980
Car -1 -1 -10 433 177 529 239 1.5 1.8 4.2 -3.309 1.670 20.320 1.571 0.974
Car -1 -1 -10 523 176 570 206 1.5 1.8 4.2 -2.247 1.461 33.906 1.571 0.953
Car -1 -1 -10 927 169 1041 233 1.5 1.8 4.2 7.814 1.265 17.277 1.571 0.947
Car -1 -1 -10 881 168 965 224 1.5 1.8 4.2 5.119 0.845 14.027 1.571 0.927
Car -1 -1 -10 69 197 425 353 1.5 1.8 4.2 -3.339 1.628 8.621 1.571 0.884
Car -1 -1 -10 839 169 911 215 1.5 1.8 4.2 6.121 0.981 18.907 1.571 0.871
Car -1 -1 -10 813 167 875 211 1.5 1.8 4.2 8.193 1.343 27.508 1.571 0.736
Car -1 -1 -10 169 200 211 212 1.5 1.8 4.2 -33.395 3.110 59.425 1.571 0.621
