Car -1 -1 -10 1057 143 1241 239 1.5 1.8 4.2 8.090 0.999 13.005 1.571 0.994
Car -1 -1 -10 386 193 468 237 1.5 1.8 4.2 -5.390 1.872 23.159 1.571 0.994
Car -1 -1 -10 266 199 392 275 1.5 1.8 4.2 -5.420 1.950 15.879 1.571 0.993
Car -1 -1 -10 913 147 1061 219 1.5 1.8 4.2 7.961 0.981 17.437 1.571 0.959
Car -1 -1 -10 702 180 812 244 1.5 1.8 4.2 3.026 1.490 17.212 1.571 0.919
Car -1 -1 -10 5 209 269 349 1.5 1.8 4.2 -5.462 2.013 10.345 1.571 0.870
Car -1 -1 -10 1001 135 1171 223 1.5 1.8 4.2 8.304 0.880 14.770 1.571 0.846
Car -1 -1 -10 858 158 958 206 1.5 1.8 4.2 7.453 0.834 20.269 1.571 0.803
Car -1 -1 -10 680 178 736 222 1.5 1.8 4.2 2.613 1.335 21.707 1.571 0.700
Car -1 -1 -10 664 180 692 210 1.5 1.8 4.2 2.596 1.442 30.123 1.571 0.689
