Car -1 -1 -10 876 167 978 219 1.5 1.8 4.2 8.317 1.218 21.145 1.571 0.992
Car -1 -1 -10 969 160 1095 224 1.5 1.8 4.2 10.331 1.258 19.851 1.571 0.976
Car -1 -1 -10 822 166 898 214 1.5 1.8 4.2 7.578 1.255 24.111 1.571 0.975
Car -1 -1 -10 382 185 482 261 1.5 1.8 4.2 -3.435 1.674 15.805 1.571 0.975
Car -1 -1 -10 479 171 553 221 1.5 1.8 4.2 -3.251 1.641 26.694 1.571 0.967
Car -1 -1 -10 663 176 749 234 1.5 1.8 4.2 2.454 1.595 20.925 1.571 0.958
Car -1 -1 -10 173 188 407 330 1.5 1.8 4.2 -3.559 1.719 9.995 1.571 0.920
Car -1 -1 -10 1050 135 1238 261 1.5 1.8 4.2 7.156 1.190 11.845 1.571 0.838
Car -1 -1 -10 534 177 570 201 1.5 1.8 4.2 -2.382 1.373 37.301 1.571 0.754
Car -1 -1 -10 788 166 856 204 1.5 1.8 4.2 7.817 1.155 28.862 1.571 0.691
