Car -1 -1 -10 9 204 271 354 1.5 1.8 4.2 -4.983 1.898 9.662 1.571 0.998
Car -1 -1 -10 248 201 458 341 1.5 1.8 4.2 -2.929 1.879 10.163 1.571 0.980
Car -1 -1 -10 475 190 544 236 1.5 1.8 4.2 -2.374 1.858 23.335 1.571 0.924
Car -1 -1 -10 2 243 42 373 1.5 1.8 4.2 -5.510 1.855 8.790 1.571 0.889
Car -1 -1 -10 657 187 731 227 1.5 1.8 4.2 2.972 1.945 28.024 1.571 0.857
Car -1 -1 -10 423 174 529 260 1.5 1.8 4.2 -2.768 1.765 16.716 1.571 0.797
Car -1 -1 -10 629 183 667 207 1.5 1.8 4.2 1.826 1.677 37.540 1.571 0.776
Car -1 -1 -10 552 181 580 207 1.5 1.8 4.2 -2.804 2.149 47.509 1.571 0.716
Car -1 -1 -10 513 191 563 223 1.5 1.8 4.2 -2.709 2.266 34.712 1.571 0.661
Car -1 -1 -10 617 184 635 202 1.5 1.8 4.2 1.034 1.944 50.225 1.571 0.638
