Car -1 -1 -10 0 212 246 374 1.5 1.8 4.2 -5.130 2.095 9.616 1.571 0.997
Car -1 -1 -10 844 150 1004 208 1.5 1.8 4.2 8.224 0.926 21.113 1.571 0.995
Car -1 -1 -10 354 193 422 255 1.5 1.8 4.2 -5.388 1.974 19.443 1.571 0.993
Car -1 -1 -10 231 201 365 283 1.5 1.8 4.2 -5.362 1.873 14.373 1.571 0.987
Car -1 -1 -10 412 191 464 233 1.5 1.8 4.2 -5.430 1.882 24.675 1.571 0.986
Car -1 -1 -10 1142 135 1236 177 1.5 1.8 4.2 22.116 0.158 29.717 1.571 0.967
Car -1 -1 -10 456 189 506 221 1.5 1.8 4.2 -5.251 1.943 31.220 1.571 0.909
Car -1 -1 -10 659 174 725 210 1.5 1.8 4.2 2.746 1.265 26.676 1.571 0.849
Car -1 -1 -10 776 157 870 201 1.5 1.8 4.2 7.660 1.018 28.206 1.571 0.820
Car -1 -1 -10 516 180 544 206 1.5 1.8 4.2 -4.717 1.763 44.312 1.571 0.802
Car -1 -1 -10 600 173 622 187 1.5 1.8 4.2 0.051 1.115 58.970 1.571 0.699
