Car -1 -1 -10 750 185 826 247 1.5 1.8 4.2 3.439 1.455 16.258 1.571 0.995
Car -1 -1 -10 500 182 556 214 1.5 1.8 4.2 -3.280 1.623 30.566 1.571 0.992
Car -1 -1 -10 4 214 240 374 1.5 1.8 4.2 -3.957 1.607 7.865 1.571 0.977
Car -1 -1 -10 583 177 607 191 1.5 1.8 4.2 -1.159 1.367 56.477 1.571 0.925
Car -1 -1 -10 726 177 790 233 1.5 1.8 4.2 3.507 1.446 19.447 1.571 0.895
Car -1 -1 -10 548 178 574 204 1.5 1.8 4.2 -2.342 1.415 35.969 1.571 0.881
Car -1 -1 -10 691 179 725 211 1.5 1.8 4.2 4.012 1.578 31.960 1.571 0.783
Car -1 -1 -10 687 179 730 207 1.5 1.8 4.2 3.949 1.566 35.200 1.571 0.665
Car -1 -1 -10 640 174 658 184 1.5 1.8 4.2 3.380 0.972 65.067 1.571 0.663
Car -1 -1 -10 711 180 768 218 1.5 1.8 4.2 3.665 1.433 25.000 1.571 0.620
