Car -1 -1 -10 -2 211 356 373 1.5 1.8 4.2 -3.202 1.453 7.338 1.571 0.999
Car -1 -1 -10 329 199 441 289 1.5 1.8 4.2 -3.584 1.821 13.415 1.571 0.994
Car -1 -1 -10 869 218 1239 368 1.5 1.8 4.2 2.740 1.230 6.649 1.571 0.992
Car -1 -1 -10 742 189 948 321 1.5 1.8 4.2 2.654 1.709 10.424 1.571 0.989
Car -1 -1 -10 508 177 544 203 1.5 1.8 4.2 -4.912 1.633 43.980 1.571 0.963
Car -1 -1 -10 686 175 782 259 1.5 1.8 4.2 2.314 1.645 15.877 1.571 0.929
Car -1 -1 -10 446 171 518 229 1.5 1.8 4.2 -3.797 1.643 23.223 1.571 0.880
Car -1 -1 -10 631 182 683 216 1.5 1.8 4.2 1.166 1.454 26.423 1.571 0.850
Car -1 -1 -10 657 180 751 242 1.5 1.8 4.2 1.382 1.526 18.028 1.571 0.714
Car -1 -1 -10 618 179 658 205 1.5 1.8 4.2 0.739 1.565 37.245 1.571 0.631
