Car -1 -1 -10 591 180 659 230 1.5 1.8 4.2 0.346 1.512 21.190 1.571 0.997
Car -1 -1 -10 339 175 499 251 1.5 1.8 4.2 -3.720 1.500 15.949 1.571 0.992
Car -1 -1 -10 979 175 1231 379 1.5 1.8 4.2 3.421 1.449 7.173 1.571 0.987
Car -1 -1 -10 757 177 857 247 1.5 1.8 4.2 3.967 1.513 16.826 1.571 0.984
Car -1 -1 -10 8 177 226 379 1.5 1.8 4.2 -3.460 1.422 7.078 1.571 0.983
Car -1 -1 -10 466 175 532 215 1.5 1.8 4.2 -3.341 1.250 23.499 1.571 0.974
Car -1 -1 -10 799 188 929 292 1.5 1.8 4.2 3.394 1.618 11.901 1.571 0.941
Car -1 -1 -10 288 175 372 225 1.5 1.8 4.2 -6.985 1.291 19.969 1.571 0.879
Car -1 -1 -10 719 170 791 226 1.5 1.8 4.2 3.874 1.438 21.628 1.571 0.797
Car -1 -1 -10 537 159 589 193 1.5 1.8 4.2 -2.651 1.120 42.212 1.571 0.625
