Car -1 -1 -10 135 203 451 355 1.5 1.8 4.2 -2.734 1.537 8.191 1.571 0.999
Car -1 -1 -10 742 192 1038 352 1.5 1.8 4.2 2.309 1.515 8.201 1.571 0.998
Car -1 -1 -10 710 189 810 267 1.5 1.8 4.2 2.278 1.464 13.325 1.571 0.997
Car -1 -1 -10 468 189 538 243 1.5 1.8 4.2 -2.715 1.746 20.063 1.571 0.995
Car -1 -1 -10 669 178 747 242 1.5 1.8 4.2 2.241 1.618 18.982 1.571 0.979
Car -1 -1 -10 634 178 662 202 1.5 1.8 4.2 2.015 1.575 41.090 1.571 0.952
Car -1 -1 -10 527 183 563 217 1.5 1.8 4.2 -2.688 1.795 31.451 1.571 0.927
Car -1 -1 -10 1 253 249 385 1.5 1.8 4.2 -2.355 1.003 5.514 1.571 0.825
Car -1 -1 -10 620 176 634 188 1.5 1.8 4.2 1.186 1.084 53.747 1.571 0.765
Car -1 -1 -10 569 182 585 194 1.5 1.8 4.2 -2.477 1.568 55.612 1.571 0.755
Car -1 -1 -10 571 180 585 190 1.5 1.8 4.2 -2.647 1.404 61.196 1.571 0.661
