Car -1 -1 -10 841 189 1195 355 1.5 1.8 4.2 3.602 1.634 8.573 1.571 0.998
Car -1 -1 -10 770 179 910 267 1.5 1.8 4.2 3.569 1.483 13.468 1.571 0.997
Car -1 -1 -10 591 169 655 225 1.5 1.8 4.2 0.302 1.414 21.663 1.571 0.996
Car -1 -1 -10 272 175 460 271 1.5 1.8 4.2 -3.693 1.463 12.857 1.571 0.992
Car -1 -1 -10 7 178 179 278 1.5 1.8 4.2 -4.381 0.879 8.133 1.571 0.985
Car -1 -1 -10 168 171 326 243 1.5 1.8 4.2 -7.196 1.380 16.298 1.571 0.980
Car -1 -1 -10 427 172 503 216 1.5 1.8 4.2 -3.871 1.137 21.113 1.571 0.959
Car -1 -1 -10 730 159 824 237 1.5 1.8 4.2 3.764 1.466 18.590 1.571 0.857
Car -1 -1 -10 485 168 543 210 1.5 1.8 4.2 -2.797 1.063 22.748 1.571 0.798
Car -1 -1 -10 519 153 581 191 1.5 1.8 4.2 -3.145 0.939 39.449 1.571 0.639
