Car -1 -1 -10 334 195 466 261 1.5 1.8 4.2 -4.383 1.817 16.976 1.571 0.994
Car -1 -1 -10 218 192 288 226 1.5 1.8 4.2 -13.040 1.934 28.363 1.571 0.988
Car -1 -1 -10 475 172 737 302 1.5 1.8 4.2 -0.107 1.633 11.224 1.571 0.984
Car -1 -1 -10 813 175 927 231 1.5 1.8 4.2 5.881 1.327 18.565 1.571 0.963
Car -1 -1 -10 738 174 808 222 1.5 1.8 4.2 4.204 1.283 20.935 1.571 0.956
Car -1 -1 -10 177 187 205 203 1.5 1.8 4.2 -32.026 2.302 57.201 1.571 0.947
Car -1 -1 -10 76 191 104 203 1.5 1.8 4.2 -44.523 2.579 63.845 1.571 0.909
Car -1 -1 -10 2 191 58 223 1.5 1.8 4.2 -29.672 2.562 38.964 1.571 0.905
Car -1 -1 -10 421 178 499 212 1.5 1.8 4.2 -6.357 1.647 32.471 1.571 0.884
Car -1 -1 -10 112 188 132 198 1.5 1.8 4.2 -39.208 2.019 60.032 1.571 0.871
Car -1 -1 -10 888 166 1050 224 1.5 1.8 4.2 9.304 1.333 20.903 1.571 0.786
