Car -1 -1 -10 2 198 250 328 1.5 1.8 4.2 -6.261 1.989 11.350 1.571 0.997
Car -1 -1 -10 790 173 986 275 1.5 1.8 4.2 3.964 1.477 12.533 1.571 0.989
Car -1 -1 -10 415 180 485 222 1.5 1.8 4.2 -5.818 1.773 28.129 1.571 0.979
Car -1 -1 -10 241 188 337 240 1.5 1.8 4.2 -3.228 0.663 9.226 1.571 0.964
Car -1 -1 -10 595 182 665 240 1.5 1.8 4.2 0.429 1.612 19.427 1.571 0.942
Car -1 -1 -10 326 177 388 227 1.5 1.8 4.2 -9.372 1.996 28.699 1.571 0.912
Car -1 -1 -10 704 182 790 228 1.5 1.8 4.2 3.921 1.598 23.013 1.571 0.899
Car -1 -1 -10 571 184 595 198 1.5 1.8 4.2 -2.112 1.940 57.780 1.571 0.867
Car -1 -1 -10 521 180 551 206 1.5 1.8 4.2 -4.029 1.625 41.007 1.571 0.811
Car -1 -1 -10 396 181 442 215 1.5 1.8 4.2 -9.581 2.105 38.142 1.571 0.626
