Car -1 -1 -10 6 206 298 374 1.5 1.8 4.2 -3.419 1.475 7.393 1.571 0.997
Car -1 -1 -10 284 195 444 303 1.5 1.8 4.2 -3.476 1.809 12.132 1.571 0.994
Car -1 -1 -10 776 168 906 238 1.5 1.8 4.2 4.794 1.367 17.241 1.571 0.992
Car -1 -1 -10 425 183 509 253 1.5 1.8 4.2 -3.333 1.838 18.653 1.571 0.992
Car -1 -1 -10 492 187 542 233 1.5 1.8 4.2 -2.899 1.843 24.215 1.571 0.968
Car -1 -1 -10 659 178 709 220 1.5 1.8 4.2 2.618 1.697 28.081 1.571 0.917
Car -1 -1 -10 532 183 571 209 1.5 1.8 4.2 -2.439 1.806 38.156 1.571 0.872
Car -1 -1 -10 529 182 561 216 1.5 1.8 4.2 -2.412 1.570 28.368 1.571 0.855
Car -1 -1 -10 699 180 729 208 1.5 1.8 4.2 4.217 1.440 31.664 1.571 0.770
Car -1 -1 -10 727 177 759 205 1.5 1.8 4.2 6.141 1.494 35.641 1.571 0.703
