Car -1 -1 -10 406 187 502 241 1.5 1.8 4.2 -4.090 1.764 20.781 1.571 0.996
Car -1 -1 -10 748 182 832 248 1.5 1.8 4.2 3.377 1.432 15.852 1.571 0.983
Car -1 -1 -10 794 177 1010 305 1.5 1.8 4.2 3.541 1.628 10.990 1.571 0.952
Car -1 -1 -10 546 176 586 202 1.5 1.8 4.2 -2.796 1.640 47.379 1.571 0.946
Car -1 -1 -10 717 179 773 231 1.5 1.8 4.2 3.546 1.549 21.322 1.571 0.919
Car -1 -1 -10 935 231 1247 371 1.5 1.8 4.2 3.120 1.309 6.869 1.571 0.906
Car -1 -1 -10 475 183 529 219 1.5 1.8 4.2 -3.698 1.559 26.487 1.571 0.849
Car -1 -1 -10 693 181 725 215 1.5 1.8 4.2 3.431 1.480 27.448 1.571 0.845
Car -1 -1 -10 516 183 544 211 1.5 1.8 4.2 -3.155 1.482 30.146 1.571 0.716
Car -1 -1 -10 684 179 729 209 1.5 1.8 4.2 3.671 1.617 34.384 1.571 0.632
Car -1 -1 -10 966 175 1038 205 1.5 1.8 4.2 16.600 1.365 32.735 1.571 0.609
