Car -1 -1 -10 714 175 846 259 1.5 1.8 4.2 2.639 1.365 13.534 1.571 0.996
Car -1 -1 -10 0 226 160 366 1.5 1.8 4.2 -5.351 1.929 9.306 1.571 0.994
Car -1 -1 -10 891 151 1125 229 1.5 1.8 4.2 8.019 1.138 16.734 1.571 0.986
Car -1 -1 -10 432 183 494 219 1.5 1.8 4.2 -5.510 1.715 28.918 1.571 0.978
Car -1 -1 -10 1063 132 1249 276 1.5 1.8 4.2 6.702 1.276 11.031 1.571 0.966
Car -1 -1 -10 467 181 509 209 1.5 1.8 4.2 -4.737 1.501 32.070 1.571 0.939
Car -1 -1 -10 520 177 540 203 1.5 1.8 4.2 -4.708 1.585 44.231 1.571 0.894
Car -1 -1 -10 506 180 530 206 1.5 1.8 4.2 -4.635 1.655 38.139 1.571 0.674
Car -1 -1 -10 232 213 346 279 1.5 1.8 4.2 -5.761 1.887 14.927 1.571 0.643
Car -1 -1 -10 310 186 424 264 1.5 1.8 4.2 -5.327 1.978 17.761 1.571 0.605
