Car -1 -1 -10 786 186 1008 318 1.5 1.8 4.2 3.415 1.756 10.829 1.571 0.995
Car -1 -1 -10 401 187 521 255 1.5 1.8 4.2 -3.138 1.700 17.038 1.571 0.992
Car -1 -1 -10 13 219 265 373 1.5 1.8 4.2 -3.125 1.302 6.796 1.571 0.989
Car -1 -1 -10 710 180 780 234 1.5 1.8 4.2 3.649 1.675 21.868 1.571 0.982
Car -1 -1 -10 756 185 852 261 1.5 1.8 4.2 3.513 1.621 15.368 1.571 0.977
Car -1 -1 -10 317 189 353 203 1.5 1.8 4.2 -20.170 2.207 54.943 1.571 0.916
Car -1 -1 -10 459 183 537 235 1.5 1.8 4.2 -2.679 1.756 22.496 1.571 0.895
Car -1 -1 -10 501 180 563 220 1.5 1.8 4.2 -2.425 1.752 28.925 1.571 0.887
Car -1 -1 -10 561 179 609 213 1.5 1.8 4.2 -1.138 1.759 33.712 1.571 0.829
Car -1 -1 -10 658 176 696 202 1.5 1.8 4.2 3.869 1.582 44.155 1.571 0.773
Car -1 -1 -10 796 169 830 185 1.5 1.8 4.2 16.026 0.960 59.159 1.571 0.674
Car -1 -1 -10 373 188 397 202 1.5 1.8 4.2 -17.680 2.286 58.709 1.571 0.653
Car -1 -1 -10 835 171 855 189 1.5 1.8 4.2 18.203 1.252 58.077 1.571 0.613
