Car -1 -1 -10 118 181 284 267 1.5 1.8 4.2 -7.348 1.467 14.992 1.571 0.997
Car -1 -1 -10 710 191 834 273 1.5 1.8 4.2 2.515 1.373 13.346 1.571 0.993
Car -1 -1 -10 279 190 449 290 1.5 1.8 4.2 -3.317 1.402 11.719 1.571 0.993
Car -1 -1 -10 443 180 517 232 1.5 1.8 4.2 -3.621 1.309 22.206 1.571 0.979
Car -1 -1 -10 659 181 717 223 1.5 1.8 4.2 2.427 1.165 24.255 1.571 0.922
Car -1 -1 -10 631 178 661 204 1.5 1.8 4.2 2.178 0.969 43.608 1.571 0.912
Car -1 -1 -10 534 176 554 202 1.5 1.8 4.2 -4.194 0.836 49.087 1.571 0.912
Car -1 -1 -10 579 177 615 203 1.5 1.8 4.2 -0.638 0.890 42.619 1.571 0.852
Car -1 -1 -10 616 178 638 200 1.5 1.8 4.2 1.273 0.998 50.609 1.571 0.667
Car -1 -1 -10 477 180 531 216 1.5 1.8 4.2 -3.217 1.065 26.961 1.571 0.628
