Car -1 -1 -10 817 188 1155 356 1.5 1.8 4.2 3.106 1.541 8.173 1.571 0.997
Car -1 -1 -10 -9 198 287 362 1.5 1.8 4.2 -4.125 1.633 8.329 1.571 0.992
Car -1 -1 -10 749 184 891 272 1.5 1.8 4.2 3.133 1.505 13.056 1.571 0.990
Car -1 -1 -10 394 188 470 246 1.5 1.8 4.2 -4.108 1.666 18.540 1.571 0.986
Car -1 -1 -10 714 180 774 238 1.5 1.8 4.2 3.027 1.496 18.678 1.571 0.986
Car -1 -1 -10 495 178 553 208 1.5 1.8 4.2 -3.856 1.558 34.093 1.571 0.964
Car -1 -1 -10 267 199 417 285 1.5 1.8 4.2 -4.164 1.719 13.162 1.571 0.961
Car -1 -1 -10 1100 172 1232 230 1.5 1.8 4.2 12.183 1.257 17.979 1.571 0.918
Car -1 -1 -10 691 180 725 216 1.5 1.8 4.2 3.214 1.436 26.112 1.571 0.677
Car -1 -1 -10 707 180 771 222 1.5 1.8 4.2 3.210 1.393 22.553 1.571 0.633
Car -1 -1 -10 592 174 628 186 1.5 1.8 4.2 -0.025 1.104 62.718 1.571 0.611
