Car -1 -1 -10 1 240 125 378 1.5 1.8 4.2 -5.137 1.904 8.799 1.571 0.998
Car -1 -1 -10 72 216 240 336 1.5 1.8 4.2 -6.044 2.151 11.617 1.571 0.988
Car -1 -1 -10 519 189 585 227 1.5 1.8 4.2 -2.000 1.822 26.387 1.571 0.987
Car -1 -1 -10 630 199 812 291 1.5 1.8 4.2 1.435 1.587 11.793 1.571 0.983
Car -1 -1 -10 863 138 1243 376 1.5 1.8 4.2 2.621 1.229 6.466 1.571 0.945
Car -1 -1 -10 439 190 457 198 1.5 1.8 4.2 -13.261 2.054 61.047 1.571 0.888
Car -1 -1 -10 349 190 397 222 1.5 1.8 4.2 -12.044 2.489 38.648 1.571 0.876
Car -1 -1 -10 508 185 528 201 1.5 1.8 4.2 -6.524 1.986 53.020 1.571 0.864
Car -1 -1 -10 726 171 822 217 1.5 1.8 4.2 5.805 1.575 27.846 1.571 0.831
Car -1 -1 -10 404 190 422 204 1.5 1.8 4.2 -14.677 2.315 55.747 1.571 0.803
Car -1 -1 -10 393 188 415 214 1.5 1.8 4.2 -13.029 2.343 47.616 1.571 0.699
