Car -1 -1 -10 794 190 1048 332 1.5 1.8 4.2 2.990 1.559 9.171 1.571 0.996
Car -1 -1 -10 433 185 499 225 1.5 1.8 4.2 -4.541 1.627 24.612 1.571 0.989
Car -1 -1 -10 738 180 842 256 1.5 1.8 4.2 3.060 1.438 14.584 1.571 0.986
Car -1 -1 -10 922 215 1244 369 1.5 1.8 4.2 2.741 1.161 6.373 1.571 0.977
Car -1 -1 -10 14 201 346 357 1.5 1.8 4.2 -4.357 1.841 9.314 1.571 0.953
Car -1 -1 -10 495 182 525 216 1.5 1.8 4.2 -3.747 1.596 28.802 1.571 0.931
Car -1 -1 -10 595 177 627 191 1.5 1.8 4.2 0.051 1.421 58.619 1.571 0.925
Car -1 -1 -10 0 186 86 212 1.5 1.8 4.2 -16.000 1.017 22.397 1.571 0.918
Car -1 -1 -10 709 178 773 234 1.5 1.8 4.2 3.068 1.456 19.282 1.571 0.909
Car -1 -1 -10 2 236 56 376 1.5 1.8 4.2 -5.202 1.798 8.488 1.571 0.813
Car -1 -1 -10 1036 177 1144 221 1.5 1.8 4.2 10.527 1.061 18.004 1.571 0.779
Car -1 -1 -10 705 179 772 223 1.5 1.8 4.2 3.080 1.377 21.914 1.571 0.684
