Car -1 -1 -10 1083 191 1239 363 1.5 1.8 4.2 4.580 1.600 8.174 1.571 0.997
Car -1 -1 -10 899 183 1169 321 1.5 1.8 4.2 4.701 1.662 10.197 1.571 0.997
Car -1 -1 -10 802 185 998 281 1.5 1.8 4.2 4.334 1.637 13.022 1.571 0.996
Car -1 -1 -10 630 181 688 221 1.5 1.8 4.2 1.596 1.615 26.302 1.571 0.988
Car -1 -1 -10 3 168 183 348 1.5 1.8 4.2 -5.128 1.717 9.175 1.571 0.979
Car -1 -1 -10 308 182 430 208 1.5 1.8 4.2 -6.502 0.914 21.415 1.571 0.901
Car -1 -1 -10 386 184 450 212 1.5 1.8 4.2 -5.567 1.125 22.833 1.571 0.762
Car -1 -1 -10 504 177 526 193 1.5 1.8 4.2 -6.843 1.444 53.843 1.571 0.730
Car -1 -1 -10 538 175 556 187 1.5 1.8 4.2 -5.435 1.215 64.071 1.571 0.699
Car -1 -1 -10 472 179 507 201 1.5 1.8 4.2 -5.626 1.391 37.766 1.571 0.631
Car -1 -1 -10 21 145 273 281 1.5 1.8 4.2 -5.826 1.347 11.091 1.571 0.625
Car -1 -1 -10 556 175 568 183 1.5 1.8 4.2 -4.298 0.903 66.357 1.571 0.603
Car -1 -1 -10 615 172 643 198 1.5 1.8 4.2 0.894 1.040 37.604 1.571 0.602
