Car -1 -1 -10 608 172 662 208 1.5 1.8 4.2 1.002 1.469 32.275 1.571 0.953
Car -1 -1 -10 1202 155 1236 171 1.5 1.8 4.2 43.722 -0.133 53.937 1.571 0.910
Car -1 -1 -10 1170 156 1202 174 1.5 1.8 4.2 39.123 0.078 51.149 1.571 0.845
Car -1 -1 -10 146 190 318 240 1.5 1.8 4.2 -9.648 1.704 20.419 1.571 0.828
Car -1 -1 -10 1039 155 1079 181 1.5 1.8 4.2 26.282 0.243 44.394 1.571 0.767
Car -1 -1 -10 685 174 697 186 1.5 1.8 4.2 7.293 1.187 67.261 1.571 0.733
Car -1 -1 -10 737 166 755 192 1.5 1.8 4.2 8.584 1.023 47.824 1.571 0.711
Car -1 -1 -10 700 164 746 202 1.5 1.8 4.2 4.809 1.251 33.080 1.571 0.672
Car -1 -1 -10 -3 280 149 374 1.5 1.8 4.2 -3.864 1.425 7.212 1.571 0.671
Car -1 -1 -10 1136 153 1172 179 1.5 1.8 4.2 33.939 0.071 47.161 1.571 0.610
