Car -1 -1 -10 609 216 1013 378 1.5 1.8 4.2 1.287 1.374 6.932 1.571 1.000
Car -1 -1 -10 479 219 687 331 1.5 1.8 4.2 -0.378 1.879 10.673 1.571 0.994
Car -1 -1 -10 -2 243 100 365 1.5 1.8 4.2 -6.193 2.101 9.991 1.571 0.989
Car -1 -1 -10 52 231 158 309 1.5 1.8 4.2 -9.026 2.418 14.919 1.571 0.981
Car -1 -1 -10 432 210 536 290 1.5 1.8 4.2 -2.286 2.075 14.880 1.571 0.966
Car -1 -1 -10 382 205 452 273 1.5 1.8 4.2 -4.676 2.399 19.389 1.571 0.963
Car -1 -1 -10 195 212 233 238 1.5 1.8 4.2 -22.611 3.713 43.231 1.571 0.909
Car -1 -1 -10 130 207 208 269 1.5 1.8 4.2 -13.726 2.982 24.479 1.571 0.818
Car -1 -1 -10 332 211 366 247 1.5 1.8 4.2 -9.416 2.662 28.004 1.571 0.748
Car -1 -1 -10 309 212 346 236 1.5 1.8 4.2 -14.488 3.135 37.924 1.571 0.709
Car -1 -1 -10 337 208 389 254 1.5 1.8 4.2 -6.389 2.082 20.616 1.571 0.604
