Car -1 -1 -10 762 199 1050 353 1.5 1.8 4.2 2.424 1.510 8.150 1.571 0.998
Car -1 -1 -10 422 191 524 263 1.5 1.8 4.2 -2.543 1.637 15.208 1.571 0.997
Car -1 -1 -10 706 185 828 277 1.5 1.8 4.2 2.397 1.626 13.368 1.571 0.980
Car -1 -1 -10 506 180 558 222 1.5 1.8 4.2 -2.724 1.686 26.861 1.571 0.976
Car -1 -1 -10 933 230 1227 370 1.5 1.8 4.2 3.802 1.619 8.026 1.571 0.975
Car -1 -1 -10 641 176 679 206 1.5 1.8 4.2 2.163 1.462 33.925 1.571 0.931
Car -1 -1 -10 2 269 238 387 1.5 1.8 4.2 -6.051 2.620 10.927 1.571 0.910
Car -1 -1 -10 623 175 637 187 1.5 1.8 4.2 1.522 1.096 58.031 1.571 0.862
Car -1 -1 -10 687 170 783 248 1.5 1.8 4.2 2.090 1.289 14.482 1.571 0.789
Car -1 -1 -10 567 182 585 194 1.5 1.8 4.2 -2.288 1.402 49.947 1.571 0.762
