Car -1 -1 -10 49 189 245 263 1.5 1.8 4.2 -9.855 1.908 17.375 1.571 0.999
Car -1 -1 -10 1065 170 1237 370 1.5 1.8 4.2 2.783 1.036 5.892 1.571 0.978
Car -1 -1 -10 718 172 826 222 1.5 1.8 4.2 4.483 1.375 22.290 1.571 0.968
Car -1 -1 -10 242 176 328 214 1.5 1.8 4.2 -13.071 1.649 31.021 1.571 0.958
Car -1 -1 -10 575 185 745 333 1.5 1.8 4.2 0.419 1.527 8.983 1.571 0.943
Car -1 -1 -10 571 175 591 189 1.5 1.8 4.2 -2.112 1.158 53.883 1.571 0.918
Car -1 -1 -10 352 182 416 214 1.5 1.8 4.2 -9.099 1.648 31.007 1.571 0.915
Car -1 -1 -10 520 175 546 191 1.5 1.8 4.2 -5.928 1.390 57.385 1.571 0.724
Car -1 -1 -10 419 180 453 206 1.5 1.8 4.2 -8.603 1.631 37.605 1.571 0.718
Car -1 -1 -10 462 175 496 195 1.5 1.8 4.2 -10.080 1.699 57.465 1.571 0.712
