Car -1 -1 -10 81 181 339 327 1.5 1.8 4.2 -4.281 1.627 9.718 1.571 0.995
Car -1 -1 -10 578 184 640 232 1.5 1.8 4.2 -0.079 1.736 23.288 1.571 0.995
Car -1 -1 -10 430 186 502 240 1.5 1.8 4.2 -3.584 1.647 19.799 1.571 0.983
Car -1 -1 -10 299 166 435 284 1.5 1.8 4.2 -3.552 1.599 12.482 1.571 0.974
Car -1 -1 -10 6 182 140 240 1.5 1.8 4.2 -13.565 1.690 20.259 1.571 0.944
Car -1 -1 -10 654 183 692 209 1.5 1.8 4.2 3.086 1.793 37.902 1.571 0.920
Car -1 -1 -10 1 194 51 290 1.5 1.8 4.2 -8.068 1.607 11.999 1.571 0.885
Car -1 -1 -10 564 177 588 203 1.5 1.8 4.2 -2.094 1.643 45.786 1.571 0.758
Car -1 -1 -10 517 183 551 209 1.5 1.8 4.2 -3.552 1.577 35.422 1.571 0.645
Car -1 -1 -10 496 183 528 207 1.5 1.8 4.2 -3.779 1.301 29.588 1.571 0.602
