Car -1 -1 -10 -1 206 285 378 1.5 1.8 4.2 -4.073 1.760 8.290 1.571 0.992
Car -1 -1 -10 271 192 409 294 1.5 1.8 4.2 -3.958 1.751 12.528 1.571 0.988
Car -1 -1 -10 723 182 796 230 1.5 1.8 4.2 3.898 1.709 23.677 1.571 0.973
Car -1 -1 -10 698 177 746 209 1.5 1.8 4.2 4.164 1.536 32.765 1.571 0.936
Car -1 -1 -10 527 182 571 206 1.5 1.8 4.2 -2.935 1.572 36.328 1.571 0.925
Car -1 -1 -10 596 177 622 191 1.5 1.8 4.2 -0.106 1.411 58.213 1.571 0.876
Car -1 -1 -10 566 176 590 202 1.5 1.8 4.2 -1.870 1.497 43.423 1.571 0.837
Car -1 -1 -10 749 175 869 257 1.5 1.8 4.2 3.618 1.553 15.416 1.571 0.818
Car -1 -1 -10 689 182 723 204 1.5 1.8 4.2 4.470 1.614 39.501 1.571 0.712
Car -1 -1 -10 620 174 642 186 1.5 1.8 4.2 1.973 1.248 70.596 1.571 0.671
