Car -1 -1 -10 767 169 975 267 1.5 1.8 4.2 3.578 1.311 12.147 1.571 0.997
Car -1 -1 -10 578 173 682 261 1.5 1.8 4.2 0.273 1.445 13.930 1.571 0.996
Car -1 -1 -10 236 182 344 232 1.5 1.8 4.2 -9.924 1.825 24.366 1.571 0.995
Car -1 -1 -10 69 176 233 254 1.5 1.8 4.2 -10.204 1.794 18.058 1.571 0.992
Car -1 -1 -10 0 181 52 283 1.5 1.8 4.2 -10.331 1.938 14.796 1.571 0.968
Car -1 -1 -10 473 172 513 190 1.5 1.8 4.2 -9.045 1.321 57.708 1.571 0.901
Car -1 -1 -10 685 171 777 207 1.5 1.8 4.2 4.423 1.261 28.751 1.571 0.895
Car -1 -1 -10 671 170 691 196 1.5 1.8 4.2 3.769 1.026 40.792 1.571 0.769
Car -1 -1 -10 530 172 556 186 1.5 1.8 4.2 -5.439 1.062 60.384 1.571 0.726
Car -1 -1 -10 388 172 416 198 1.5 1.8 4.2 -12.437 1.260 45.120 1.571 0.632
Car -1 -1 -10 305 173 373 205 1.5 1.8 4.2 -13.032 1.541 36.689 1.571 0.615
