Car -1 -1 -10 699 195 833 289 1.5 1.8 4.2 2.040 1.560 11.794 1.571 0.995
Car -1 -1 -10 773 195 1129 385 1.5 1.8 4.2 2.295 1.464 7.081 1.571 0.994
Car -1 -1 -10 492 186 558 234 1.5 1.8 4.2 -2.476 1.745 22.694 1.571 0.983
Car -1 -1 -10 148 210 464 374 1.5 1.8 4.2 -2.464 1.591 7.810 1.571 0.927
Car -1 -1 -10 552 178 609 216 1.5 1.8 4.2 -0.743 1.774 31.768 1.571 0.916
Car -1 -1 -10 616 182 644 208 1.5 1.8 4.2 1.207 1.934 46.901 1.571 0.915
Car -1 -1 -10 652 185 670 199 1.5 1.8 4.2 3.514 1.817 52.255 1.571 0.895
Car -1 -1 -10 682 188 704 200 1.5 1.8 4.2 6.035 1.983 54.828 1.571 0.770
Car -1 -1 -10 -8 301 232 373 1.5 1.8 4.2 -5.146 2.045 9.472 1.571 0.758
Car -1 -1 -10 509 175 583 223 1.5 1.8 4.2 -1.723 1.751 27.295 1.571 0.738
Car -1 -1 -10 670 188 686 200 1.5 1.8 4.2 4.970 1.996 55.148 1.571 0.648
