Car -1 -1 -10 247 185 399 251 1.5 1.8 4.2 -6.716 1.814 18.853 1.571 0.993
Car -1 -1 -10 499 176 571 214 1.5 1.8 4.2 -2.702 1.456 27.646 1.571 0.985
Car -1 -1 -10 2 183 166 251 1.5 1.8 4.2 -13.104 1.939 20.004 1.571 0.984
Car -1 -1 -10 1200 149 1242 165 1.5 1.8 4.2 46.788 -0.602 57.386 1.571 0.900
Car -1 -1 -10 1098 153 1136 167 1.5 1.8 4.2 40.819 -0.472 60.229 1.571 0.822
Car -1 -1 -10 680 171 712 187 1.5 1.8 4.2 6.189 1.023 54.277 1.571 0.768
Car -1 -1 -10 1159 153 1205 165 1.5 1.8 4.2 42.319 -0.582 55.520 1.571 0.757
Car -1 -1 -10 1049 157 1085 169 1.5 1.8 4.2 35.310 -0.298 57.894 1.571 0.732
Car -1 -1 -10 391 172 471 208 1.5 1.8 4.2 -7.899 1.542 33.767 1.571 0.654
Car -1 -1 -10 647 174 675 186 1.5 1.8 4.2 3.868 1.004 57.230 1.571 0.637
