Car -1 -1 -10 80 192 362 344 1.5 1.8 4.2 -4.206 1.825 9.795 1.571 0.998
Car -1 -1 -10 349 184 461 264 1.5 1.8 4.2 -4.019 1.763 16.058 1.571 0.996
Car -1 -1 -10 442 178 498 236 1.5 1.8 4.2 -3.959 1.763 22.247 1.571 0.989
Car -1 -1 -10 968 138 1200 208 1.5 1.8 4.2 10.709 0.798 18.481 1.571 0.981
Car -1 -1 -10 706 172 772 208 1.5 1.8 4.2 4.565 1.256 27.892 1.571 0.965
Car -1 -1 -10 499 180 547 212 1.5 1.8 4.2 -3.318 1.686 33.189 1.571 0.945
Car -1 -1 -10 472 182 526 218 1.5 1.8 4.2 -3.564 1.588 27.480 1.571 0.928
Car -1 -1 -10 543 171 583 189 1.5 1.8 4.2 -3.788 1.292 59.839 1.571 0.915
Car -1 -1 -10 682 170 710 196 1.5 1.8 4.2 5.069 1.195 44.928 1.571 0.736
Car -1 -1 -10 632 175 666 209 1.5 1.8 4.2 1.804 1.710 36.240 1.571 0.635
