Car -1 -1 -10 861 213 1243 371 1.5 1.8 4.2 2.184 1.005 5.762 1.571 0.996
Car -1 -1 -10 803 177 991 323 1.5 1.8 4.2 2.996 1.597 9.778 1.571 0.995
Car -1 -1 -10 499 175 637 255 1.5 1.8 4.2 -0.835 1.528 15.526 1.571 0.993
Car -1 -1 -10 3 185 211 369 1.5 1.8 4.2 -3.331 1.276 6.793 1.571 0.985
Car -1 -1 -10 777 169 819 199 1.5 1.8 4.2 7.970 1.114 32.855 1.571 0.981
Car -1 -1 -10 601 170 660 208 1.5 1.8 4.2 1.246 1.334 29.502 1.571 0.924
Car -1 -1 -10 660 160 706 194 1.5 1.8 4.2 3.760 1.100 39.653 1.571 0.889
Car -1 -1 -10 942 147 1072 213 1.5 1.8 4.2 10.461 1.063 21.204 1.571 0.789
Car -1 -1 -10 372 183 424 195 1.5 1.8 4.2 -17.713 1.847 62.299 1.571 0.637
Car -1 -1 -10 1062 137 1198 205 1.5 1.8 4.2 13.310 0.826 20.639 1.571 0.619
Car -1 -1 -10 478 168 508 194 1.5 1.8 4.2 -6.893 0.770 44.386 1.571 0.617
Car -1 -1 -10 803 170 917 248 1.5 1.8 4.2 2.793 0.857 10.327 1.571 0.601
