Car -1 -1 -10 3 186 209 284 1.5 1.8 4.2 -7.780 1.703 13.159 1.571 0.980
Car -1 -1 -10 447 179 479 203 1.5 1.8 4.2 -7.316 1.492 37.811 1.571 0.965
Car -1 -1 -10 303 179 401 225 1.5 1.8 4.2 -7.911 1.589 24.087 1.571 0.961
Car -1 -1 -10 901 153 971 179 1.5 1.8 4.2 13.379 0.088 31.810 1.571 0.900
Car -1 -1 -10 421 181 451 209 1.5 1.8 4.2 -7.184 1.483 31.706 1.571 0.887
Car -1 -1 -10 652 171 676 197 1.5 1.8 4.2 3.369 1.269 47.573 1.571 0.871
Car -1 -1 -10 377 178 427 216 1.5 1.8 4.2 -7.345 1.514 27.416 1.571 0.830
Car -1 -1 -10 538 182 566 194 1.5 1.8 4.2 -4.039 1.461 51.949 1.571 0.780
Car -1 -1 -10 964 146 1046 174 1.5 1.8 4.2 20.438 0.059 39.505 1.571 0.742
Car -1 -1 -10 677 174 701 190 1.5 1.8 4.2 5.775 1.260 55.120 1.571 0.622
