Car -1 -1 -10 805 174 1053 296 1.5 1.8 4.2 3.335 1.309 9.773 1.571 0.999
Car -1 -1 -10 189 189 313 243 1.5 1.8 4.2 -9.990 1.942 22.077 1.571 0.996
Car -1 -1 -10 578 174 694 276 1.5 1.8 4.2 0.323 1.503 12.615 1.571 0.996
Car -1 -1 -10 -5 179 187 275 1.5 1.8 4.2 -9.899 1.937 15.787 1.571 0.993
Car -1 -1 -10 692 173 784 215 1.5 1.8 4.2 4.307 1.433 26.644 1.571 0.898
Car -1 -1 -10 291 177 351 207 1.5 1.8 4.2 -13.531 1.593 35.778 1.571 0.837
Car -1 -1 -10 465 176 505 196 1.5 1.8 4.2 -8.985 1.658 53.786 1.571 0.803
Car -1 -1 -10 418 181 448 205 1.5 1.8 4.2 -8.465 1.530 36.440 1.571 0.773
Car -1 -1 -10 519 174 549 190 1.5 1.8 4.2 -6.072 1.363 59.485 1.571 0.736
Car -1 -1 -10 379 179 413 205 1.5 1.8 4.2 -12.603 1.887 44.472 1.571 0.702
Car -1 -1 -10 678 172 702 198 1.5 1.8 4.2 3.965 1.058 38.227 1.571 0.605
