Car -1 -1 -10 591 183 661 233 1.5 1.8 4.2 0.371 1.585 21.115 1.571 0.998
Car -1 -1 -10 948 221 1238 377 1.5 1.8 4.2 3.226 1.388 7.007 1.571 0.992
Car -1 -1 -10 444 180 546 228 1.5 1.8 4.2 -3.383 1.598 23.014 1.571 0.991
Car -1 -1 -10 -9 186 225 266 1.5 1.8 4.2 -4.847 0.888 8.984 1.571 0.977
Car -1 -1 -10 772 172 952 290 1.5 1.8 4.2 3.612 1.705 12.601 1.571 0.973
Car -1 -1 -10 368 179 466 253 1.5 1.8 4.2 -2.734 1.112 12.110 1.571 0.919
Car -1 -1 -10 232 177 442 297 1.5 1.8 4.2 -3.448 1.542 11.064 1.571 0.896
Car -1 -1 -10 698 173 754 223 1.5 1.8 4.2 3.563 1.561 24.561 1.571 0.865
Car -1 -1 -10 745 177 805 211 1.5 1.8 4.2 8.315 1.931 38.635 1.571 0.796
Car -1 -1 -10 -1 180 51 238 1.5 1.8 4.2 -13.508 1.498 18.697 1.571 0.666
