Car -1 -1 -10 777 189 937 285 1.5 1.8 4.2 3.280 1.514 11.845 1.571 0.998
Car -1 -1 -10 341 189 463 259 1.5 1.8 4.2 -4.340 1.775 16.971 1.571 0.998
Car -1 -1 -10 734 183 818 241 1.5 1.8 4.2 3.403 1.419 17.123 1.571 0.997
Car -1 -1 -10 867 181 1245 385 1.5 1.8 4.2 3.400 1.645 7.695 1.571 0.994
Car -1 -1 -10 450 185 512 233 1.5 1.8 4.2 -3.748 1.724 22.789 1.571 0.987
Car -1 -1 -10 701 181 753 229 1.5 1.8 4.2 3.276 1.596 22.609 1.571 0.924
Car -1 -1 -10 529 179 575 205 1.5 1.8 4.2 -3.087 1.584 40.016 1.571 0.893
Car -1 -1 -10 634 179 658 189 1.5 1.8 4.2 2.807 1.271 58.916 1.571 0.722
Car -1 -1 -10 692 181 749 219 1.5 1.8 4.2 3.266 1.560 26.491 1.571 0.694
Car -1 -1 -10 682 179 733 213 1.5 1.8 4.2 3.638 1.780 34.096 1.571 0.661
