Car -1 -1 -10 218 196 386 284 1.5 1.8 4.2 -5.429 1.939 14.690 1.571 0.996
Car -1 -1 -10 799 156 917 198 1.5 1.8 4.2 8.518 0.868 27.018 1.571 0.988
Car -1 -1 -10 370 193 440 251 1.5 1.8 4.2 -5.178 1.954 20.144 1.571 0.986
Car -1 -1 -10 499 187 525 213 1.5 1.8 4.2 -4.818 1.908 37.274 1.571 0.941
Car -1 -1 -10 421 191 471 233 1.5 1.8 4.2 -5.078 1.844 24.229 1.571 0.934
Car -1 -1 -10 465 190 495 222 1.5 1.8 4.2 -4.908 1.838 29.086 1.571 0.876
Car -1 -1 -10 533 177 559 203 1.5 1.8 4.2 -4.131 1.674 48.294 1.571 0.770
Car -1 -1 -10 1134 139 1202 175 1.5 1.8 4.2 22.269 0.086 30.953 1.571 0.719
Car -1 -1 -10 639 176 657 192 1.5 1.8 4.2 2.759 1.405 55.059 1.571 0.709
Car -1 -1 -10 1187 130 1241 174 1.5 1.8 4.2 21.991 0.042 28.426 1.571 0.628
