Car -1 -1 -10 898 163 1164 243 1.5 1.8 4.2 7.979 1.338 15.867 1.571 0.996
Car -1 -1 -10 246 198 372 274 1.5 1.8 4.2 -5.851 1.948 15.997 1.571 0.993
Car -1 -1 -10 666 181 746 233 1.5 1.8 4.2 2.479 1.585 21.114 1.571 0.967
Car -1 -1 -10 12 223 292 377 1.5 1.8 4.2 -3.252 1.423 7.130 1.571 0.961
Car -1 -1 -10 366 203 436 243 1.5 1.8 4.2 -5.916 1.969 22.353 1.571 0.915
Car -1 -1 -10 789 167 893 215 1.5 1.8 4.2 6.851 1.259 23.653 1.571 0.887
Car -1 -1 -10 838 147 1042 219 1.5 1.8 4.2 7.451 1.049 18.504 1.571 0.885
Car -1 -1 -10 490 184 520 204 1.5 1.8 4.2 -4.928 1.553 38.087 1.571 0.844
Car -1 -1 -10 521 178 539 204 1.5 1.8 4.2 -4.956 1.608 46.485 1.571 0.843
Car -1 -1 -10 373 188 465 238 1.5 1.8 4.2 -5.667 1.916 23.322 1.571 0.833
Car -1 -1 -10 469 186 507 216 1.5 1.8 4.2 -5.760 2.022 35.923 1.571 0.810
Car -1 -1 -10 1200 130 1290 190 1.5 1.8 4.2 20.386 0.572 26.190 1.571 0.692
