Car -1 -1 -10 4 206 224 378 1.5 1.8 4.2 -5.043 2.062 9.352 1.571 0.981
Car -1 -1 -10 321 194 445 250 1.5 1.8 4.2 -5.399 1.817 19.098 1.571 0.964
Car -1 -1 -10 970 219 1236 369 1.5 1.8 4.2 2.452 0.999 5.777 1.571 0.963
Car -1 -1 -10 516 179 542 205 1.5 1.8 4.2 -4.492 1.712 41.778 1.571 0.962
Car -1 -1 -10 426 185 476 231 1.5 1.8 4.2 -5.020 1.818 24.661 1.571 0.953
Car -1 -1 -10 770 155 848 191 1.5 1.8 4.2 8.506 0.779 33.098 1.571 0.944
Car -1 -1 -10 467 182 515 214 1.5 1.8 4.2 -4.580 1.712 32.125 1.571 0.901
Car -1 -1 -10 1017 143 1087 173 1.5 1.8 4.2 22.349 0.007 38.649 1.571 0.826
Car -1 -1 -10 1079 134 1231 186 1.5 1.8 4.2 21.415 0.517 30.511 1.571 0.786
Car -1 -1 -10 1048 141 1124 173 1.5 1.8 4.2 23.015 0.007 37.049 1.571 0.732
