Car -1 -1 -10 789 167 1193 371 1.5 1.8 4.2 2.551 1.357 7.043 1.571 0.996
Car -1 -1 -10 121 180 497 376 1.5 1.8 4.2 -2.384 1.569 7.674 1.571 0.994
Car -1 -1 -10 482 175 542 235 1.5 1.8 4.2 -2.767 1.723 22.106 1.571 0.987
Car -1 -1 -10 684 174 742 214 1.5 1.8 4.2 3.521 1.425 27.093 1.571 0.977
Car -1 -1 -10 540 168 596 210 1.5 1.8 4.2 -1.855 1.603 33.234 1.571 0.969
Car -1 -1 -10 833 163 919 205 1.5 1.8 4.2 8.933 1.085 26.461 1.571 0.956
Car -1 -1 -10 796 165 858 199 1.5 1.8 4.2 8.742 1.058 31.314 1.571 0.858
Car -1 -1 -10 999 266 1235 376 1.5 1.8 4.2 3.214 1.311 6.758 1.571 0.852
Car -1 -1 -10 217 191 265 203 1.5 1.8 4.2 -25.747 2.101 52.383 1.571 0.786
Car -1 -1 -10 574 172 606 192 1.5 1.8 4.2 -0.715 1.081 42.841 1.571 0.774
Car -1 -1 -10 745 160 801 190 1.5 1.8 4.2 9.190 0.970 42.944 1.571 0.629
