Car -1 -1 -10 1020 192 1236 366 1.5 1.8 4.2 4.350 1.644 8.241 1.571 0.999
Car -1 -1 -10 31 173 305 289 1.5 1.8 4.2 -5.952 1.549 11.725 1.571 0.995
Car -1 -1 -10 823 186 989 278 1.5 1.8 4.2 4.495 1.616 13.193 1.571 0.994
Car -1 -1 -10 941 191 1073 303 1.5 1.8 4.2 4.625 1.534 10.609 1.571 0.994
Car -1 -1 -10 2 194 82 362 1.5 1.8 4.2 -4.894 1.610 8.242 1.571 0.987
Car -1 -1 -10 766 177 904 253 1.5 1.8 4.2 4.333 1.562 16.168 1.571 0.983
Car -1 -1 -10 628 181 682 217 1.5 1.8 4.2 1.579 1.594 28.160 1.571 0.981
Car -1 -1 -10 335 179 467 207 1.5 1.8 4.2 -6.235 1.010 23.454 1.571 0.925
Car -1 -1 -10 517 175 539 191 1.5 1.8 4.2 -6.214 1.368 56.526 1.571 0.660
Car -1 -1 -10 417 180 479 206 1.5 1.8 4.2 -5.560 1.128 26.653 1.571 0.650
Car -1 -1 -10 210 170 350 254 1.5 1.8 4.2 -5.631 1.371 14.293 1.571 0.605
