Car -1 -1 -10 365 181 519 269 1.5 1.8 4.2 -2.919 1.639 14.404 1.571 0.998
Car -1 -1 -10 803 191 1147 363 1.5 1.8 4.2 2.949 1.566 8.045 1.571 0.997
Car -1 -1 -10 768 179 880 281 1.5 1.8 4.2 3.308 1.699 13.438 1.571 0.996
Car -1 -1 -10 611 175 689 221 1.5 1.8 4.2 1.231 1.539 25.167 1.571 0.988
Car -1 -1 -10 694 170 722 196 1.5 1.8 4.2 4.618 1.100 36.404 1.571 0.936
Car -1 -1 -10 821 165 851 179 1.5 1.8 4.2 17.236 0.469 57.219 1.571 0.911
Car -1 -1 -10 -2 173 314 371 1.5 1.8 4.2 -3.686 1.583 7.864 1.571 0.885
Car -1 -1 -10 725 163 761 189 1.5 1.8 4.2 8.461 0.903 48.185 1.571 0.813
Car -1 -1 -10 1009 151 1071 195 1.5 1.8 4.2 15.687 0.810 28.500 1.571 0.803
Car -1 -1 -10 932 148 1010 188 1.5 1.8 4.2 13.337 0.561 28.849 1.571 0.749
