Car -1 -1 -10 795 184 1053 318 1.5 1.8 4.2 3.290 1.547 9.793 1.571 0.999
Car -1 -1 -10 209 187 427 343 1.5 1.8 4.2 -3.062 1.750 9.523 1.571 0.998
Car -1 -1 -10 2 209 228 375 1.5 1.8 4.2 -3.002 1.201 6.389 1.571 0.995
Car -1 -1 -10 746 177 836 249 1.5 1.8 4.2 3.749 1.599 17.256 1.571 0.992
Car -1 -1 -10 645 172 711 204 1.5 1.8 4.2 2.862 1.330 32.928 1.571 0.978
Car -1 -1 -10 1094 251 1240 373 1.5 1.8 4.2 3.106 1.137 6.201 1.571 0.976
Car -1 -1 -10 508 175 590 227 1.5 1.8 4.2 -1.837 1.587 23.249 1.571 0.963
Car -1 -1 -10 710 165 738 191 1.5 1.8 4.2 7.165 1.019 47.665 1.571 0.896
Car -1 -1 -10 891 150 953 184 1.5 1.8 4.2 14.232 0.510 35.111 1.571 0.882
Car -1 -1 -10 401 176 503 254 1.5 1.8 4.2 -3.377 1.707 17.282 1.571 0.843
Car -1 -1 -10 822 166 860 192 1.5 1.8 4.2 6.654 0.526 23.039 1.571 0.740
