Car -1 -1 -10 789 188 1125 352 1.5 1.8 4.2 2.898 1.526 8.247 1.571 1.000
Car -1 -1 -10 749 180 867 268 1.5 1.8 4.2 3.070 1.501 13.488 1.571 0.990
Car -1 -1 -10 423 182 495 228 1.5 1.8 4.2 -4.592 1.659 23.808 1.571 0.990
Car -1 -1 -10 1011 234 1231 368 1.5 1.8 4.2 4.363 1.688 8.343 1.571 0.977
Car -1 -1 -10 710 180 778 238 1.5 1.8 4.2 3.056 1.511 18.833 1.571 0.971
Car -1 -1 -10 481 182 517 214 1.5 1.8 4.2 -4.076 1.494 28.297 1.571 0.918
Car -1 -1 -10 584 177 616 189 1.5 1.8 4.2 -0.843 1.318 61.007 1.571 0.895
Car -1 -1 -10 1058 177 1154 221 1.5 1.8 4.2 10.844 1.057 17.951 1.571 0.785
Car -1 -1 -10 0 203 294 381 1.5 1.8 4.2 -4.364 1.935 8.810 1.571 0.697
Car -1 -1 -10 1153 172 1241 226 1.5 1.8 4.2 11.255 1.024 16.000 1.571 0.675
