Car -1 -1 -10 369 190 515 274 1.5 1.8 4.2 -2.699 1.591 13.455 1.571 0.997
Car -1 -1 -10 714 189 822 269 1.5 1.8 4.2 2.461 1.531 13.589 1.571 0.992
Car -1 -1 -10 682 189 740 243 1.5 1.8 4.2 2.305 1.637 18.939 1.571 0.985
Car -1 -1 -10 787 179 1187 381 1.5 1.8 4.2 2.663 1.503 7.310 1.571 0.979
Car -1 -1 -10 474 177 528 235 1.5 1.8 4.2 -2.149 1.194 15.972 1.571 0.896
Car -1 -1 -10 645 166 671 192 1.5 1.8 4.2 3.482 1.401 54.892 1.571 0.891
Car -1 -1 -10 528 177 573 207 1.5 1.8 4.2 -2.037 1.418 32.060 1.571 0.853
Car -1 -1 -10 664 181 702 211 1.5 1.8 4.2 2.883 1.529 31.032 1.571 0.824
Car -1 -1 -10 589 174 605 188 1.5 1.8 4.2 -1.077 1.223 60.395 1.571 0.726
Car -1 -1 -10 527 179 563 215 1.5 1.8 4.2 -2.429 1.545 28.556 1.571 0.677
