Car -1 -1 -10 329 200 501 314 1.5 1.8 4.2 -2.276 1.605 10.309 1.571 0.998
Car -1 -1 -10 563 181 615 219 1.5 1.8 4.2 -0.772 1.593 27.014 1.571 0.992
Car -1 -1 -10 646 183 702 227 1.5 1.8 4.2 1.960 1.699 24.738 1.571 0.991
Car -1 -1 -10 51 194 269 294 1.5 1.8 4.2 -6.004 1.601 11.636 1.571 0.988
Car -1 -1 -10 212 176 288 214 1.5 1.8 4.2 -14.320 1.631 30.713 1.571 0.981
Car -1 -1 -10 -1 176 35 246 1.5 1.8 4.2 -14.221 1.747 19.340 1.571 0.954
Car -1 -1 -10 422 183 526 265 1.5 1.8 4.2 -1.905 1.252 11.907 1.571 0.939
Car -1 -1 -10 346 178 422 210 1.5 1.8 4.2 -6.042 0.984 21.228 1.571 0.816
Car -1 -1 -10 631 181 657 209 1.5 1.8 4.2 1.345 1.477 31.586 1.571 0.797
Car -1 -1 -10 309 177 397 217 1.5 1.8 4.2 -6.967 1.188 21.519 1.571 0.794
Car -1 -1 -10 615 179 641 205 1.5 1.8 4.2 0.878 1.536 38.879 1.571 0.645
