Car -1 -1 -10 904 192 1240 322 1.5 1.8 4.2 5.240 1.710 10.373 1.571 0.998
Car -1 -1 -10 806 186 994 246 1.5 1.8 4.2 6.215 1.581 17.694 1.571 0.997
Car -1 -1 -10 61 182 359 280 1.5 1.8 4.2 -5.866 1.556 12.580 1.571 0.994
Car -1 -1 -10 296 177 444 247 1.5 1.8 4.2 -4.442 1.355 15.292 1.571 0.987
Car -1 -1 -10 787 178 859 234 1.5 1.8 4.2 5.087 1.475 19.506 1.571 0.962
Car -1 -1 -10 701 179 787 217 1.5 1.8 4.2 5.179 1.721 30.229 1.571 0.946
Car -1 -1 -10 386 175 480 237 1.5 1.8 4.2 -4.649 1.666 20.843 1.571 0.879
Car -1 -1 -10 -3 184 145 354 1.5 1.8 4.2 -4.853 1.611 8.519 1.571 0.831
Car -1 -1 -10 -2 223 74 369 1.5 1.8 4.2 -4.323 1.457 7.460 1.571 0.815
Car -1 -1 -10 637 179 677 205 1.5 1.8 4.2 2.447 1.542 40.269 1.571 0.756
Car -1 -1 -10 483 175 541 205 1.5 1.8 4.2 -5.144 1.674 39.686 1.571 0.623
