Car -1 -1 -10 928 148 1246 330 1.5 1.8 4.2 4.296 1.434 8.686 1.571 0.998
Car -1 -1 -10 829 145 979 197 1.5 1.8 4.2 9.742 0.804 26.125 1.571 0.987
Car -1 -1 -10 376 177 522 273 1.5 1.8 4.2 -2.665 1.623 13.796 1.571 0.960
Car -1 -1 -10 335 179 423 255 1.5 1.8 4.2 -5.259 1.851 18.365 1.571 0.949
Car -1 -1 -10 570 168 596 182 1.5 1.8 4.2 -2.275 0.762 62.221 1.571 0.902
Car -1 -1 -10 656 169 708 201 1.5 1.8 4.2 2.449 0.976 27.117 1.571 0.901
Car -1 -1 -10 506 177 539 199 1.5 1.8 4.2 -4.317 1.398 40.690 1.571 0.853
Car -1 -1 -10 632 171 656 197 1.5 1.8 4.2 2.135 1.285 48.140 1.571 0.844
Car -1 -1 -10 601 174 635 202 1.5 1.8 4.2 0.409 1.626 42.350 1.571 0.774
Car -1 -1 -10 979 142 1061 182 1.5 1.8 4.2 18.293 0.409 34.368 1.571 0.700
Car -1 -1 -10 580 170 600 180 1.5 1.8 4.2 -1.698 0.598 62.461 1.571 0.611
