Car -1 -1 -10 689 192 793 274 1.5 1.8 4.2 1.957 1.553 13.182 1.571 0.997
Car -1 -1 -10 3 217 351 369 1.5 1.8 4.2 -1.989 0.874 5.314 1.571 0.995
Car -1 -1 -10 742 190 1004 360 1.5 1.8 4.2 2.346 1.711 8.696 1.571 0.992
Car -1 -1 -10 498 189 558 231 1.5 1.8 4.2 -2.517 1.750 23.816 1.571 0.979
Car -1 -1 -10 615 181 645 207 1.5 1.8 4.2 1.266 2.023 48.977 1.571 0.953
Car -1 -1 -10 268 203 492 355 1.5 1.8 4.2 -2.303 1.778 9.144 1.571 0.945
Car -1 -1 -10 652 185 668 199 1.5 1.8 4.2 3.590 1.893 54.345 1.571 0.864
Car -1 -1 -10 552 178 608 214 1.5 1.8 4.2 -0.788 1.804 33.741 1.571 0.858
Car -1 -1 -10 668 187 690 201 1.5 1.8 4.2 5.067 2.079 55.397 1.571 0.790
Car -1 -1 -10 681 186 705 202 1.5 1.8 4.2 6.030 2.128 54.780 1.571 0.742
Car -1 -1 -10 511 175 583 223 1.5 1.8 4.2 -1.752 1.820 28.292 1.571 0.646
