Car -1 -1 -10 723 201 893 289 1.5 1.8 4.2 2.472 1.483 11.313 1.571 0.999
Car -1 -1 -10 690 183 758 233 1.5 1.8 4.2 2.755 1.480 19.862 1.571 0.974
Car -1 -1 -10 426 177 506 215 1.5 1.8 4.2 -4.898 1.419 26.403 1.571 0.945
Car -1 -1 -10 361 178 475 242 1.5 1.8 4.2 -4.609 1.641 19.225 1.571 0.939
Car -1 -1 -10 497 175 557 205 1.5 1.8 4.2 -4.379 1.681 39.830 1.571 0.902
Car -1 -1 -10 548 179 592 207 1.5 1.8 4.2 -1.766 1.470 33.169 1.571 0.851
Car -1 -1 -10 3 270 101 374 1.5 1.8 4.2 -3.986 1.415 7.177 1.571 0.806
Car -1 -1 -10 231 173 391 255 1.5 1.8 4.2 -4.809 1.306 13.572 1.571 0.761
Car -1 -1 -10 655 175 693 203 1.5 1.8 4.2 2.939 1.404 35.709 1.571 0.682
Car -1 -1 -10 633 171 655 187 1.5 1.8 4.2 2.727 1.145 60.540 1.571 0.647
