Car -1 -1 -10 689 214 971 364 1.5 1.8 4.2 1.923 1.721 8.598 1.571 0.999
Car -1 -1 -10 852 237 1248 371 1.5 1.8 4.2 2.260 1.044 5.904 1.571 0.996
Car -1 -1 -10 32 224 292 378 1.5 1.8 4.2 -4.180 1.887 8.739 1.571 0.994
Car -1 -1 -10 622 202 736 296 1.5 1.8 4.2 1.006 1.893 13.194 1.571 0.994
Car -1 -1 -10 404 196 438 222 1.5 1.8 4.2 -10.946 2.779 43.748 1.571 0.974
Car -1 -1 -10 259 216 357 298 1.5 1.8 4.2 -5.488 2.252 15.083 1.571 0.974
Car -1 -1 -10 560 193 646 263 1.5 1.8 4.2 -0.210 2.033 18.378 1.571 0.903
Car -1 -1 -10 345 193 411 251 1.5 1.8 4.2 -7.306 2.444 24.673 1.571 0.816
Car -1 -1 -10 499 193 525 221 1.5 1.8 4.2 -5.089 2.480 39.276 1.571 0.732
Car -1 -1 -10 523 199 571 231 1.5 1.8 4.2 -2.926 2.203 29.444 1.571 0.732
