Car -1 -1 -10 388 191 520 261 1.5 1.8 4.2 -3.177 1.765 16.548 1.571 0.993
Car -1 -1 -10 896 170 1028 234 1.5 1.8 4.2 7.444 1.302 17.466 1.571 0.982
Car -1 -1 -10 529 162 821 320 1.5 1.8 4.2 0.707 1.730 10.584 1.571 0.975
Car -1 -1 -10 285 189 347 223 1.5 1.8 4.2 -10.874 1.847 28.676 1.571 0.973
Car -1 -1 -10 817 171 889 219 1.5 1.8 4.2 5.808 1.112 19.498 1.571 0.959
Car -1 -1 -10 160 188 182 198 1.5 1.8 4.2 -36.113 2.067 61.413 1.571 0.944
Car -1 -1 -10 70 191 134 219 1.5 1.8 4.2 -25.379 2.301 38.090 1.571 0.938
Car -1 -1 -10 468 174 556 216 1.5 1.8 4.2 -4.087 1.780 31.865 1.571 0.914
Car -1 -1 -10 253 183 277 201 1.5 1.8 4.2 -23.151 1.886 50.450 1.571 0.842
Car -1 -1 -10 194 185 210 193 1.5 1.8 4.2 -34.648 1.709 63.330 1.571 0.832
Car -1 -1 -10 993 160 1195 228 1.5 1.8 4.2 11.335 1.297 19.075 1.571 0.759
Car -1 -1 -10 110 185 140 211 1.5 1.8 4.2 -27.010 1.899 42.227 1.571 0.624
