Car -1 -1 -10 755 199 1041 357 1.5 1.8 4.2 2.451 1.604 8.387 1.571 0.997
Car -1 -1 -10 701 192 795 270 1.5 1.8 4.2 2.412 1.736 14.994 1.571 0.992
Car -1 -1 -10 1105 240 1243 372 1.5 1.8 4.2 2.278 0.825 5.092 1.571 0.983
Car -1 -1 -10 672 182 712 218 1.5 1.8 4.2 2.920 1.633 28.202 1.571 0.979
Car -1 -1 -10 121 188 471 358 1.5 1.8 4.2 -2.782 1.605 8.358 1.571 0.942
Car -1 -1 -10 488 177 542 225 1.5 1.8 4.2 -2.838 1.531 23.283 1.571 0.938
Car -1 -1 -10 645 171 675 195 1.5 1.8 4.2 3.312 1.481 50.360 1.571 0.888
Car -1 -1 -10 511 179 558 209 1.5 1.8 4.2 -2.363 1.288 27.813 1.571 0.807
Car -1 -1 -10 401 174 501 258 1.5 1.8 4.2 -2.904 1.526 15.032 1.571 0.801
Car -1 -1 -10 573 173 595 187 1.5 1.8 4.2 -2.077 1.115 58.976 1.571 0.681
