Car -1 -1 -10 947 215 1229 371 1.5 1.8 4.2 3.022 1.277 6.751 1.571 0.999
Car -1 -1 -10 220 185 392 277 1.5 1.8 4.2 -4.496 1.521 12.639 1.571 0.998
Car -1 -1 -10 570 182 630 230 1.5 1.8 4.2 -0.340 1.660 23.068 1.571 0.996
Car -1 -1 -10 693 186 767 232 1.5 1.8 4.2 3.126 1.565 21.199 1.571 0.996
Car -1 -1 -10 369 179 489 241 1.5 1.8 4.2 -4.015 1.491 17.895 1.571 0.993
Car -1 -1 -10 74 177 222 229 1.5 1.8 4.2 -12.940 1.566 22.232 1.571 0.961
Car -1 -1 -10 2 228 46 380 1.5 1.8 4.2 -6.294 2.204 9.779 1.571 0.864
Car -1 -1 -10 462 175 534 205 1.5 1.8 4.2 -4.960 1.411 33.779 1.571 0.844
Car -1 -1 -10 48 177 104 205 1.5 1.8 4.2 -25.709 1.545 36.783 1.571 0.772
Car -1 -1 -10 193 183 283 241 1.5 1.8 4.2 -8.724 1.588 18.921 1.571 0.741
