Car -1 -1 -10 73 192 233 252 1.5 1.8 4.2 -10.585 1.824 18.731 1.571 0.971
Car -1 -1 -10 311 173 577 307 1.5 1.8 4.2 -2.048 1.609 10.754 1.571 0.969
Car -1 -1 -10 734 172 754 186 1.5 1.8 4.2 10.103 0.994 56.657 1.571 0.958
Car -1 -1 -10 681 173 707 191 1.5 1.8 4.2 5.476 1.190 49.422 1.571 0.955
Car -1 -1 -10 718 172 730 184 1.5 1.8 4.2 9.106 0.893 59.906 1.571 0.930
Car -1 -1 -10 1201 155 1237 171 1.5 1.8 4.2 44.066 -0.135 54.345 1.571 0.915
Car -1 -1 -10 1170 156 1202 174 1.5 1.8 4.2 39.165 0.078 51.201 1.571 0.855
Car -1 -1 -10 1039 155 1079 181 1.5 1.8 4.2 26.505 0.186 44.751 1.571 0.695
Car -1 -1 -10 1136 153 1172 179 1.5 1.8 4.2 35.064 0.074 48.653 1.571 0.674
Car -1 -1 -10 294 193 318 205 1.5 1.8 4.2 -22.474 2.373 55.370 1.571 0.629
