Car -1 -1 -10 715 187 861 281 1.5 1.8 4.2 2.758 1.709 13.502 1.571 0.999
Car -1 -1 -10 624 184 726 252 1.5 1.8 4.2 1.335 1.689 17.502 1.571 0.978
Car -1 -1 -10 456 171 496 209 1.5 1.8 4.2 -6.403 1.716 36.355 1.571 0.923
Car -1 -1 -10 542 184 578 218 1.5 1.8 4.2 -1.846 1.625 28.075 1.571 0.916
Car -1 -1 -10 503 177 545 205 1.5 1.8 4.2 -4.841 1.607 38.186 1.571 0.907
Car -1 -1 -10 278 176 386 252 1.5 1.8 4.2 -7.050 1.992 20.265 1.571 0.870
Car -1 -1 -10 519 180 565 210 1.5 1.8 4.2 -3.851 1.769 36.459 1.571 0.853
Car -1 -1 -10 574 181 635 221 1.5 1.8 4.2 -0.556 1.355 22.406 1.571 0.671
Car -1 -1 -10 388 171 410 191 1.5 1.8 4.2 -15.293 1.312 54.294 1.571 0.635
Car -1 -1 -10 535 181 583 213 1.5 1.8 4.2 -2.496 1.561 30.169 1.571 0.601
