Car -1 -1 -10 749 189 1007 349 1.5 1.8 4.2 2.352 1.584 8.588 1.571 0.999
Car -1 -1 -10 196 194 432 352 1.5 1.8 4.2 -3.350 1.993 10.127 1.571 0.997
Car -1 -1 -10 699 186 793 262 1.5 1.8 4.2 2.260 1.517 14.378 1.571 0.992
Car -1 -1 -10 946 222 1222 370 1.5 1.8 4.2 2.346 1.000 5.762 1.571 0.990
Car -1 -1 -10 409 194 491 266 1.5 1.8 4.2 -3.215 1.840 16.357 1.571 0.985
Car -1 -1 -10 675 184 751 234 1.5 1.8 4.2 2.153 1.623 21.257 1.571 0.861
Car -1 -1 -10 450 186 514 240 1.5 1.8 4.2 -3.475 1.796 21.406 1.571 0.783
Car -1 -1 -10 632 179 666 203 1.5 1.8 4.2 2.001 1.577 39.851 1.571 0.697
Car -1 -1 -10 450 189 521 235 1.5 1.8 4.2 -3.383 1.937 24.587 1.571 0.667
Car -1 -1 -10 676 177 740 239 1.5 1.8 4.2 1.990 1.378 17.140 1.571 0.656
