Car -1 -1 -10 778 188 1132 368 1.5 1.8 4.2 2.615 1.512 7.693 1.571 0.998
Car -1 -1 -10 682 188 766 240 1.5 1.8 4.2 2.842 1.704 20.411 1.571 0.986
Car -1 -1 -10 1026 244 1236 380 1.5 1.8 4.2 4.043 1.631 7.781 1.571 0.965
Car -1 -1 -10 278 188 408 260 1.5 1.8 4.2 -4.856 1.567 15.077 1.571 0.955
Car -1 -1 -10 32 191 340 285 1.5 1.8 4.2 -6.064 1.589 12.325 1.571 0.941
Car -1 -1 -10 396 180 468 240 1.5 1.8 4.2 -4.669 1.742 20.821 1.571 0.864
Car -1 -1 -10 440 181 524 219 1.5 1.8 4.2 -4.448 1.586 26.909 1.571 0.835
Car -1 -1 -10 747 185 841 217 1.5 1.8 4.2 6.571 1.587 28.049 1.571 0.790
Car -1 -1 -10 511 177 547 203 1.5 1.8 4.2 -4.612 1.533 42.847 1.571 0.764
Car -1 -1 -10 0 233 94 367 1.5 1.8 4.2 -4.544 1.546 7.849 1.571 0.701
