Car -1 -1 -10 724 195 864 287 1.5 1.8 4.2 2.416 1.534 11.796 1.571 0.997
Car -1 -1 -10 315 190 499 292 1.5 1.8 4.2 -2.789 1.603 11.812 1.571 0.993
Car -1 -1 -10 686 191 756 255 1.5 1.8 4.2 2.343 1.772 17.671 1.571 0.990
Car -1 -1 -10 419 174 521 242 1.5 1.8 4.2 -2.759 1.573 18.515 1.571 0.938
Car -1 -1 -10 822 178 1252 376 1.5 1.8 4.2 2.270 1.108 6.037 1.571 0.922
Car -1 -1 -10 513 182 553 220 1.5 1.8 4.2 -2.785 1.676 27.759 1.571 0.906
Car -1 -1 -10 644 171 674 195 1.5 1.8 4.2 3.541 1.614 54.687 1.571 0.893
Car -1 -1 -10 667 185 703 215 1.5 1.8 4.2 2.830 1.615 29.761 1.571 0.810
Car -1 -1 -10 528 181 569 207 1.5 1.8 4.2 -2.094 1.346 30.540 1.571 0.743
Car -1 -1 -10 586 175 604 189 1.5 1.8 4.2 -1.267 1.336 61.796 1.571 0.733
