Car -1 -1 -10 871 208 1253 374 1.5 1.8 4.2 2.973 1.349 6.941 1.571 0.999
Car -1 -1 -10 766 190 952 292 1.5 1.8 4.2 3.031 1.477 11.048 1.571 0.996
Car -1 -1 -10 3 214 185 374 1.5 1.8 4.2 -4.177 1.605 7.859 1.571 0.989
Car -1 -1 -10 153 200 385 316 1.5 1.8 4.2 -4.340 1.798 11.163 1.571 0.973
Car -1 -1 -10 725 182 797 246 1.5 1.8 4.2 2.936 1.448 16.387 1.571 0.970
Car -1 -1 -10 356 189 452 259 1.5 1.8 4.2 -4.115 1.698 16.326 1.571 0.962
Car -1 -1 -10 487 182 543 212 1.5 1.8 4.2 -3.920 1.597 31.540 1.571 0.952
Car -1 -1 -10 690 181 726 219 1.5 1.8 4.2 3.273 1.563 26.549 1.571 0.809
Car -1 -1 -10 1158 178 1238 212 1.5 1.8 4.2 21.279 1.419 28.268 1.571 0.771
Car -1 -1 -10 702 182 758 230 1.5 1.8 4.2 3.039 1.471 20.676 1.571 0.686
