Car -1 -1 -10 482 194 546 242 1.5 1.8 4.2 -2.645 1.869 21.602 1.571 0.992
Car -1 -1 -10 282 202 464 340 1.5 1.8 4.2 -2.622 1.809 9.909 1.571 0.989
Car -1 -1 -10 740 198 932 326 1.5 1.8 4.2 2.412 1.673 9.983 1.571 0.983
Car -1 -1 -10 3 228 375 372 1.5 1.8 4.2 -2.392 1.103 6.097 1.571 0.977
Car -1 -1 -10 697 198 781 264 1.5 1.8 4.2 2.269 1.641 15.094 1.571 0.976
Car -1 -1 -10 661 183 729 241 1.5 1.8 4.2 2.101 1.725 20.364 1.571 0.975
Car -1 -1 -10 632 184 658 210 1.5 1.8 4.2 1.955 2.000 43.175 1.571 0.966
Car -1 -1 -10 570 189 586 201 1.5 1.8 4.2 -2.424 2.106 56.105 1.571 0.932
Car -1 -1 -10 537 194 565 224 1.5 1.8 4.2 -2.480 2.111 31.886 1.571 0.908
Car -1 -1 -10 618 184 634 198 1.5 1.8 4.2 1.161 1.871 55.802 1.571 0.813
Car -1 -1 -10 679 194 743 254 1.5 1.8 4.2 2.072 1.707 17.280 1.571 0.654
