Car -1 -1 -10 819 165 1047 265 1.5 1.8 4.2 4.624 1.335 12.553 1.571 0.998
Car -1 -1 -10 8 203 354 377 1.5 1.8 4.2 -3.507 1.641 7.900 1.571 0.998
Car -1 -1 -10 331 184 467 288 1.5 1.8 4.2 -3.329 1.786 13.293 1.571 0.993
Car -1 -1 -10 455 191 519 245 1.5 1.8 4.2 -3.034 1.749 19.596 1.571 0.990
Car -1 -1 -10 669 183 729 227 1.5 1.8 4.2 2.567 1.591 23.307 1.571 0.952
Car -1 -1 -10 464 184 535 230 1.5 1.8 4.2 -2.742 1.672 23.215 1.571 0.890
Car -1 -1 -10 731 174 785 208 1.5 1.8 4.2 5.983 1.431 31.484 1.571 0.836
Car -1 -1 -10 488 181 550 221 1.5 1.8 4.2 -2.420 1.502 24.618 1.571 0.818
Car -1 -1 -10 799 167 875 227 1.5 1.8 4.2 4.550 1.098 16.731 1.571 0.744
Car -1 -1 -10 527 185 565 209 1.5 1.8 4.2 -2.624 1.796 37.955 1.571 0.701
