Car -1 -1 -10 732 188 858 274 1.5 1.8 4.2 3.123 1.737 14.492 1.571 0.999
Car -1 -1 -10 329 177 411 239 1.5 1.8 4.2 -6.657 1.820 21.962 1.571 0.981
Car -1 -1 -10 594 178 656 224 1.5 1.8 4.2 0.416 1.584 24.450 1.571 0.969
Car -1 -1 -10 564 184 600 216 1.5 1.8 4.2 -1.137 1.683 30.250 1.571 0.965
Car -1 -1 -10 537 179 580 207 1.5 1.8 4.2 -3.332 1.813 40.426 1.571 0.884
Car -1 -1 -10 484 169 526 209 1.5 1.8 4.2 -4.825 1.646 34.967 1.571 0.867
Car -1 -1 -10 420 170 444 190 1.5 1.8 4.2 -13.333 1.281 56.029 1.571 0.796
Car -1 -1 -10 476 169 488 181 1.5 1.8 4.2 -11.084 0.704 64.445 1.571 0.778
Car -1 -1 -10 512 175 542 195 1.5 1.8 4.2 -5.090 1.493 50.756 1.571 0.674
Car -1 -1 -10 655 187 737 247 1.5 1.8 4.2 1.897 1.680 18.454 1.571 0.650
Car -1 -1 -10 443 172 464 186 1.5 1.8 4.2 -13.325 1.079 61.333 1.571 0.603
