Car -1 -1 -10 340 194 428 252 1.5 1.8 4.2 -5.517 1.914 19.548 1.571 0.994
Car -1 -1 -10 416 190 486 230 1.5 1.8 4.2 -5.384 1.918 26.319 1.571 0.990
Car -1 -1 -10 942 147 1184 219 1.5 1.8 4.2 8.791 0.901 16.188 1.571 0.990
Car -1 -1 -10 815 159 927 207 1.5 1.8 4.2 7.416 0.976 22.738 1.571 0.968
Car -1 -1 -10 209 200 347 296 1.5 1.8 4.2 -5.409 1.986 13.736 1.571 0.963
Car -1 -1 -10 2 221 220 369 1.5 1.8 4.2 -5.184 2.015 9.512 1.571 0.939
Car -1 -1 -10 683 180 763 232 1.5 1.8 4.2 2.805 1.495 20.339 1.571 0.938
Car -1 -1 -10 919 143 1061 213 1.5 1.8 4.2 7.997 0.850 17.386 1.571 0.854
Car -1 -1 -10 497 182 531 208 1.5 1.8 4.2 -5.306 1.873 41.693 1.571 0.740
Car -1 -1 -10 651 180 677 204 1.5 1.8 4.2 2.485 1.457 35.863 1.571 0.736
