Car -1 -1 -10 851 185 1215 379 1.5 1.8 4.2 3.279 1.626 7.793 1.571 0.999
Car -1 -1 -10 774 183 912 287 1.5 1.8 4.2 3.457 1.721 12.978 1.571 0.998
Car -1 -1 -10 344 188 486 274 1.5 1.8 4.2 -3.229 1.646 13.845 1.571 0.996
Car -1 -1 -10 731 185 813 243 1.5 1.8 4.2 3.760 1.650 19.079 1.571 0.978
Car -1 -1 -10 430 186 522 246 1.5 1.8 4.2 -2.805 1.766 19.526 1.571 0.975
Car -1 -1 -10 553 182 607 212 1.5 1.8 4.2 -1.268 1.597 31.537 1.571 0.922
Car -1 -1 -10 482 177 554 225 1.5 1.8 4.2 -2.793 1.860 27.835 1.571 0.867
Car -1 -1 -10 653 176 699 202 1.5 1.8 4.2 3.610 1.610 41.976 1.571 0.803
Car -1 -1 -10 860 160 898 190 1.5 1.8 4.2 14.468 0.924 41.010 1.571 0.777
Car -1 -1 -10 808 171 836 187 1.5 1.8 4.2 16.516 1.104 58.405 1.571 0.674
