Car -1 -1 -10 804 183 1044 337 1.5 1.8 4.2 2.910 1.551 8.920 1.571 0.999
Car -1 -1 -10 165 186 449 332 1.5 1.8 4.2 -3.219 1.660 9.628 1.571 0.991
Car -1 -1 -10 572 173 684 237 1.5 1.8 4.2 0.401 1.612 20.233 1.571 0.990
Car -1 -1 -10 978 220 1232 372 1.5 1.8 4.2 2.554 1.051 5.911 1.571 0.975
Car -1 -1 -10 811 164 847 180 1.5 1.8 4.2 16.707 0.546 57.238 1.571 0.941
Car -1 -1 -10 709 158 755 192 1.5 1.8 4.2 7.275 1.147 45.335 1.571 0.876
Car -1 -1 -10 674 168 706 202 1.5 1.8 4.2 3.503 1.291 34.076 1.571 0.876
Car -1 -1 -10 792 176 890 250 1.5 1.8 4.2 2.765 0.942 10.915 1.571 0.786
Car -1 -1 -10 926 162 958 188 1.5 1.8 4.2 14.160 0.562 32.969 1.571 0.686
Car -1 -1 -10 445 184 485 194 1.5 1.8 4.2 -11.736 1.707 60.370 1.571 0.662
Car -1 -1 -10 166 188 218 212 1.5 1.8 4.2 -23.498 2.197 42.598 1.571 0.657
Car -1 -1 -10 1043 144 1121 200 1.5 1.8 4.2 14.916 0.860 24.976 1.571 0.643
