Car -1 -1 -10 137 183 377 287 1.5 1.8 4.2 -5.352 1.712 12.925 1.571 0.993
Car -1 -1 -10 683 172 701 186 1.5 1.8 4.2 6.859 1.103 62.676 1.571 0.929
Car -1 -1 -10 703 168 745 202 1.5 1.8 4.2 4.949 1.276 33.694 1.571 0.915
Car -1 -1 -10 1202 155 1236 171 1.5 1.8 4.2 44.923 -0.137 55.360 1.571 0.913
Car -1 -1 -10 407 183 447 217 1.5 1.8 4.2 -8.568 2.056 35.716 1.571 0.886
Car -1 -1 -10 435 160 617 272 1.5 1.8 4.2 -1.378 1.561 13.462 1.571 0.853
Car -1 -1 -10 1170 156 1202 174 1.5 1.8 4.2 39.282 0.078 51.347 1.571 0.852
Car -1 -1 -10 1040 155 1078 181 1.5 1.8 4.2 25.690 0.180 43.442 1.571 0.697
Car -1 -1 -10 1136 153 1172 179 1.5 1.8 4.2 34.970 0.073 48.527 1.571 0.677
Car -1 -1 -10 1103 154 1139 180 1.5 1.8 4.2 29.792 0.125 44.219 1.571 0.611
