Car -1 -1 -10 823 190 1111 346 1.5 1.8 4.2 3.279 1.618 8.844 1.571 0.999
Car -1 -1 -10 267 193 427 283 1.5 1.8 4.2 -4.272 1.766 13.668 1.571 0.998
Car -1 -1 -10 415 188 487 244 1.5 1.8 4.2 -3.925 1.733 19.678 1.571 0.995
Car -1 -1 -10 1052 225 1238 373 1.5 1.8 4.2 3.140 1.197 6.416 1.571 0.992
Car -1 -1 -10 752 184 870 260 1.5 1.8 4.2 3.332 1.468 14.257 1.571 0.992
Car -1 -1 -10 714 180 774 236 1.5 1.8 4.2 3.100 1.485 19.069 1.571 0.966
Car -1 -1 -10 522 181 566 205 1.5 1.8 4.2 -3.290 1.582 37.623 1.571 0.925
Car -1 -1 -10 690 182 726 218 1.5 1.8 4.2 3.339 1.560 27.032 1.571 0.911
Car -1 -1 -10 463 184 511 228 1.5 1.8 4.2 -3.727 1.649 23.677 1.571 0.905
Car -1 -1 -10 615 180 641 188 1.5 1.8 4.2 1.490 1.275 62.830 1.571 0.609
