Car -1 -1 -10 748 189 1012 343 1.5 1.8 4.2 2.526 1.628 9.006 1.571 0.999
Car -1 -1 -10 935 232 1235 372 1.5 1.8 4.2 2.416 1.038 5.860 1.571 0.995
Car -1 -1 -10 673 185 749 231 1.5 1.8 4.2 2.495 1.465 20.288 1.571 0.976
Car -1 -1 -10 303 179 453 233 1.5 1.8 4.2 -5.618 1.443 19.412 1.571 0.951
Car -1 -1 -10 139 210 271 310 1.5 1.8 4.2 -4.648 1.554 10.278 1.571 0.949
Car -1 -1 -10 647 176 699 212 1.5 1.8 4.2 2.339 1.482 29.414 1.571 0.886
Car -1 -1 -10 145 179 345 277 1.5 1.8 4.2 -5.078 1.433 12.028 1.571 0.868
Car -1 -1 -10 1 242 45 376 1.5 1.8 4.2 -4.754 1.625 7.871 1.571 0.847
Car -1 -1 -10 394 171 502 217 1.5 1.8 4.2 -5.074 1.369 24.485 1.571 0.802
Car -1 -1 -10 481 178 513 208 1.5 1.8 4.2 -4.443 1.368 30.185 1.571 0.709
