Car -1 -1 -10 -17 187 399 359 1.5 1.8 4.2 -3.555 1.553 8.121 1.571 0.999
Car -1 -1 -10 1050 193 1234 353 1.5 1.8 4.2 5.056 1.732 9.036 1.571 0.996
Car -1 -1 -10 583 185 707 251 1.5 1.8 4.2 0.641 1.551 16.424 1.571 0.995
Car -1 -1 -10 720 175 792 215 1.5 1.8 4.2 5.043 1.469 27.252 1.571 0.980
Car -1 -1 -10 954 180 1044 242 1.5 1.8 4.2 9.013 1.611 18.915 1.571 0.973
Car -1 -1 -10 821 170 861 196 1.5 1.8 4.2 12.983 1.192 42.768 1.571 0.935
Car -1 -1 -10 904 170 946 188 1.5 1.8 4.2 21.825 1.051 52.166 1.571 0.828
Car -1 -1 -10 939 175 999 215 1.5 1.8 4.2 10.688 1.311 24.555 1.571 0.790
Car -1 -1 -10 769 172 817 204 1.5 1.8 4.2 9.433 1.513 37.156 1.571 0.722
Car -1 -1 -10 549 177 583 189 1.5 1.8 4.2 -3.288 1.195 55.530 1.571 0.640
