Car -1 -1 -10 919 206 1235 378 1.5 1.8 4.2 3.192 1.428 7.124 1.571 0.998
Car -1 -1 -10 436 175 526 219 1.5 1.8 4.2 -3.773 1.332 22.927 1.571 0.992
Car -1 -1 -10 581 179 641 221 1.5 1.8 4.2 -0.021 1.390 22.941 1.571 0.991
Car -1 -1 -10 783 169 1011 287 1.5 1.8 4.2 3.459 1.398 10.938 1.571 0.985
Car -1 -1 -10 371 177 471 249 1.5 1.8 4.2 -3.737 1.484 16.163 1.571 0.979
Car -1 -1 -10 -7 168 179 384 1.5 1.8 4.2 -2.775 1.094 5.838 1.571 0.973
Car -1 -1 -10 251 173 419 263 1.5 1.8 4.2 -4.132 1.336 12.796 1.571 0.966
Car -1 -1 -10 45 176 187 236 1.5 1.8 4.2 -8.008 1.016 13.715 1.571 0.925
Car -1 -1 -10 556 172 578 194 1.5 1.8 4.2 -2.877 1.398 49.828 1.571 0.710
Car -1 -1 -10 497 161 563 201 1.5 1.8 4.2 -3.607 1.254 34.249 1.571 0.615
