Car -1 -1 -10 743 164 947 232 1.5 1.8 4.2 5.312 1.350 18.570 1.571 0.998
Car -1 -1 -10 444 183 496 227 1.5 1.8 4.2 -4.930 1.888 27.268 1.571 0.990
Car -1 -1 -10 1059 146 1179 182 1.5 1.8 4.2 21.617 0.389 32.805 1.571 0.989
Car -1 -1 -10 481 181 526 211 1.5 1.8 4.2 -4.252 1.672 33.738 1.571 0.979
Car -1 -1 -10 532 175 572 209 1.5 1.8 4.2 -2.689 1.649 35.026 1.571 0.969
Car -1 -1 -10 1002 150 1072 180 1.5 1.8 4.2 19.603 0.328 35.295 1.571 0.802
Car -1 -1 -10 760 155 848 191 1.5 1.8 4.2 8.638 0.812 34.386 1.571 0.789
Car -1 -1 -10 645 172 683 196 1.5 1.8 4.2 2.480 1.081 35.797 1.571 0.764
Car -1 -1 -10 466 183 511 213 1.5 1.8 4.2 -4.435 1.617 31.163 1.571 0.716
Car -1 -1 -10 618 177 642 193 1.5 1.8 4.2 1.393 1.434 53.466 1.571 0.697
Car -1 -1 -10 494 181 535 207 1.5 1.8 4.2 -3.952 1.609 36.098 1.571 0.680
Car -1 -1 -10 601 177 627 195 1.5 1.8 4.2 0.251 1.560 52.933 1.571 0.668
