Car -1 -1 -10 369 191 473 271 1.5 1.8 4.2 -3.499 1.789 15.253 1.571 0.996
Car -1 -1 -10 41 192 397 366 1.5 1.8 4.2 -3.754 1.825 8.920 1.571 0.993
Car -1 -1 -10 453 185 513 243 1.5 1.8 4.2 -3.353 1.824 20.860 1.571 0.991
Car -1 -1 -10 755 173 851 229 1.5 1.8 4.2 4.648 1.367 19.671 1.571 0.982
Car -1 -1 -10 512 187 550 227 1.5 1.8 4.2 -2.777 1.871 27.035 1.571 0.952
Car -1 -1 -10 655 184 703 216 1.5 1.8 4.2 2.578 1.640 29.538 1.571 0.939
Car -1 -1 -10 693 182 723 210 1.5 1.8 4.2 4.445 1.701 35.137 1.571 0.858
Car -1 -1 -10 534 185 572 209 1.5 1.8 4.2 -2.402 1.856 39.161 1.571 0.817
Car -1 -1 -10 511 183 564 217 1.5 1.8 4.2 -2.390 1.696 29.833 1.571 0.727
Car -1 -1 -10 606 174 642 188 1.5 1.8 4.2 1.128 1.248 61.580 1.571 0.720
Car -1 -1 -10 718 177 761 205 1.5 1.8 4.2 5.818 1.569 37.325 1.571 0.605
