Car -1 -1 -10 4 224 184 370 1.5 1.8 4.2 -3.540 1.330 6.967 1.571 0.994
Car -1 -1 -10 214 191 322 235 1.5 1.8 4.2 -9.686 1.751 22.431 1.571 0.947
Car -1 -1 -10 728 170 756 188 1.5 1.8 4.2 8.971 1.033 51.311 1.571 0.936
Car -1 -1 -10 1202 155 1236 171 1.5 1.8 4.2 44.567 -0.136 54.939 1.571 0.917
Car -1 -1 -10 674 168 706 194 1.5 1.8 4.2 4.674 1.127 44.581 1.571 0.885
Car -1 -1 -10 1170 156 1202 174 1.5 1.8 4.2 40.238 0.080 52.544 1.571 0.870
Car -1 -1 -10 446 181 488 207 1.5 1.8 4.2 -6.929 1.596 36.853 1.571 0.850
Car -1 -1 -10 1039 155 1079 181 1.5 1.8 4.2 25.779 0.181 43.586 1.571 0.732
Car -1 -1 -10 1136 153 1172 179 1.5 1.8 4.2 34.203 0.072 47.511 1.571 0.685
Car -1 -1 -10 704 173 714 185 1.5 1.8 4.2 7.926 0.975 60.060 1.571 0.610
