Car -1 -1 -10 4 209 118 353 1.5 1.8 4.2 -6.128 1.992 10.079 1.571 0.996
Car -1 -1 -10 813 171 1027 285 1.5 1.8 4.2 3.989 1.463 11.516 1.571 0.993
Car -1 -1 -10 393 182 471 232 1.5 1.8 4.2 -5.728 1.887 25.122 1.571 0.993
Car -1 -1 -10 179 190 327 246 1.5 1.8 4.2 -9.909 2.020 22.026 1.571 0.990
Car -1 -1 -10 594 184 660 238 1.5 1.8 4.2 0.356 1.562 19.400 1.571 0.962
Car -1 -1 -10 708 182 810 230 1.5 1.8 4.2 4.102 1.592 22.204 1.571 0.914
Car -1 -1 -10 313 176 379 226 1.5 1.8 4.2 -9.559 1.915 28.100 1.571 0.904
Car -1 -1 -10 568 183 592 197 1.5 1.8 4.2 -2.328 1.850 57.402 1.571 0.897
Car -1 -1 -10 674 184 724 216 1.5 1.8 4.2 3.119 1.534 27.760 1.571 0.830
Car -1 -1 -10 494 182 542 208 1.5 1.8 4.2 -3.321 1.250 27.778 1.571 0.710
Car -1 -1 -10 25 182 159 238 1.5 1.8 4.2 -13.503 1.692 20.838 1.571 0.707
