Car -1 -1 -10 78 185 274 275 1.5 1.8 4.2 -7.600 1.776 14.644 1.571 0.991
Car -1 -1 -10 231 182 303 250 1.5 1.8 4.2 -7.260 1.621 17.260 1.571 0.930
Car -1 -1 -10 0 191 110 303 1.5 1.8 4.2 -6.637 1.543 10.654 1.571 0.928
Car -1 -1 -10 587 179 609 189 1.5 1.8 4.2 -1.003 1.314 60.835 1.571 0.874
Car -1 -1 -10 420 179 476 211 1.5 1.8 4.2 -7.234 1.693 34.128 1.571 0.800
Car -1 -1 -10 647 174 675 194 1.5 1.8 4.2 3.768 1.574 55.817 1.571 0.795
Car -1 -1 -10 344 181 416 229 1.5 1.8 4.2 -6.187 1.498 21.351 1.571 0.783
Car -1 -1 -10 488 178 508 204 1.5 1.8 4.2 -6.615 1.594 44.480 1.571 0.721
Car -1 -1 -10 679 174 701 190 1.5 1.8 4.2 5.763 1.241 54.347 1.571 0.676
Car -1 -1 -10 472 180 490 206 1.5 1.8 4.2 -6.306 1.464 37.142 1.571 0.617
