Car -1 -1 -10 907 209 1223 373 1.5 1.8 4.2 2.285 1.031 5.818 1.571 0.997
Car -1 -1 -10 774 188 966 316 1.5 1.8 4.2 2.761 1.552 9.923 1.571 0.984
Car -1 -1 -10 490 177 558 221 1.5 1.8 4.2 -2.177 1.485 24.357 1.571 0.979
Car -1 -1 -10 144 184 450 346 1.5 1.8 4.2 -3.068 1.665 9.040 1.571 0.958
Car -1 -1 -10 938 158 1068 230 1.5 1.8 4.2 8.441 1.235 17.695 1.571 0.947
Car -1 -1 -10 787 154 945 206 1.5 1.8 4.2 7.463 0.972 23.274 1.571 0.805
Car -1 -1 -10 997 163 1133 227 1.5 1.8 4.2 8.847 1.059 16.214 1.571 0.801
Car -1 -1 -10 439 177 531 237 1.5 1.8 4.2 -2.431 1.641 20.562 1.571 0.783
Car -1 -1 -10 1096 160 1240 248 1.5 1.8 4.2 2.514 0.346 5.428 1.571 0.671
Car -1 -1 -10 136 205 172 213 1.5 1.8 4.2 -35.792 3.148 58.690 1.571 0.619
