Car -1 -1 -10 11 190 201 258 1.5 1.8 4.2 -10.948 1.840 17.698 1.571 0.994
Car -1 -1 -10 373 180 519 248 1.5 1.8 4.2 -3.647 1.647 17.916 1.571 0.955
Car -1 -1 -10 1201 155 1237 171 1.5 1.8 4.2 44.990 -0.137 55.438 1.571 0.910
Car -1 -1 -10 566 160 680 240 1.5 1.8 4.2 0.247 1.543 18.685 1.571 0.888
Car -1 -1 -10 1170 156 1202 174 1.5 1.8 4.2 39.800 0.079 51.996 1.571 0.856
Car -1 -1 -10 502 179 534 205 1.5 1.8 4.2 -5.422 1.647 44.341 1.571 0.827
Car -1 -1 -10 688 174 704 186 1.5 1.8 4.2 7.002 1.074 61.063 1.571 0.802
Car -1 -1 -10 1039 155 1079 181 1.5 1.8 4.2 26.248 0.184 44.338 1.571 0.703
Car -1 -1 -10 530 181 564 197 1.5 1.8 4.2 -4.821 1.836 56.983 1.571 0.688
Car -1 -1 -10 715 167 753 197 1.5 1.8 4.2 6.108 1.197 37.878 1.571 0.686
Car -1 -1 -10 1136 153 1172 179 1.5 1.8 4.2 35.275 0.074 48.932 1.571 0.640
