Car -1 -1 -10 342 179 418 221 1.5 1.8 4.2 -7.728 1.607 26.195 1.571 0.939
Car -1 -1 -10 548 179 572 191 1.5 1.8 4.2 -3.764 1.355 55.998 1.571 0.927
Car -1 -1 -10 651 174 675 192 1.5 1.8 4.2 3.595 1.310 51.481 1.571 0.878
Car -1 -1 -10 436 181 460 207 1.5 1.8 4.2 -7.266 1.478 34.272 1.571 0.864
Car -1 -1 -10 -4 176 242 276 1.5 1.8 4.2 -6.841 1.425 12.070 1.571 0.862
Car -1 -1 -10 393 175 441 211 1.5 1.8 4.2 -7.375 1.448 29.502 1.571 0.832
Car -1 -1 -10 820 159 866 173 1.5 1.8 4.2 16.835 0.010 54.327 1.571 0.792
Car -1 -1 -10 321 178 379 208 1.5 1.8 4.2 -9.657 1.299 28.772 1.571 0.742
Car -1 -1 -10 459 177 481 203 1.5 1.8 4.2 -7.963 1.593 42.950 1.571 0.712
Car -1 -1 -10 101 182 257 264 1.5 1.8 4.2 -7.782 1.634 15.036 1.571 0.676
