Car -1 -1 -10 572 175 640 211 1.5 1.8 4.2 -0.198 1.460 29.722 1.571 0.977
Car -1 -1 -10 345 188 481 248 1.5 1.8 4.2 -4.843 1.827 19.649 1.571 0.975
Car -1 -1 -10 1073 156 1103 172 1.5 1.8 4.2 33.030 -0.059 52.007 1.571 0.887
Car -1 -1 -10 730 170 754 184 1.5 1.8 4.2 11.227 0.950 63.602 1.571 0.862
Car -1 -1 -10 1098 154 1130 170 1.5 1.8 4.2 38.127 -0.216 56.725 1.571 0.850
Car -1 -1 -10 686 174 708 190 1.5 1.8 4.2 6.221 1.232 53.949 1.571 0.849
Car -1 -1 -10 1125 151 1159 169 1.5 1.8 4.2 42.117 -0.306 59.260 1.571 0.833
Car -1 -1 -10 455 181 509 211 1.5 1.8 4.2 -6.262 1.854 37.169 1.571 0.737
Car -1 -1 -10 1155 152 1207 166 1.5 1.8 4.2 45.946 -0.552 60.192 1.571 0.713
Car -1 -1 -10 549 174 581 192 1.5 1.8 4.2 -3.386 1.428 55.924 1.571 0.682
Car -1 -1 -10 669 176 683 188 1.5 1.8 4.2 5.417 1.249 61.605 1.571 0.651
Car -1 -1 -10 797 160 825 170 1.5 1.8 4.2 14.952 -0.213 55.878 1.571 0.648
