Car -1 -1 -10 638 171 704 223 1.5 1.8 4.2 1.721 1.455 23.035 1.571 0.990
Car -1 -1 -10 457 177 577 235 1.5 1.8 4.2 -2.414 1.579 20.435 1.571 0.974
Car -1 -1 -10 725 169 753 195 1.5 1.8 4.2 7.502 1.118 44.263 1.571 0.960
Car -1 -1 -10 1202 155 1236 171 1.5 1.8 4.2 42.257 -0.129 52.203 1.571 0.926
Car -1 -1 -10 1170 156 1202 174 1.5 1.8 4.2 41.052 0.081 53.563 1.571 0.860
Car -1 -1 -10 688 171 708 189 1.5 1.8 4.2 5.945 1.096 51.107 1.571 0.831
Car -1 -1 -10 444 182 482 206 1.5 1.8 4.2 -7.299 1.636 37.728 1.571 0.777
Car -1 -1 -10 1039 155 1077 181 1.5 1.8 4.2 26.134 0.242 44.249 1.571 0.746
Car -1 -1 -10 1136 153 1172 179 1.5 1.8 4.2 34.708 0.073 48.181 1.571 0.698
Car -1 -1 -10 1103 154 1141 180 1.5 1.8 4.2 29.697 0.182 44.002 1.571 0.617
