Car -1 -1 -10 4 183 202 357 1.5 1.8 4.2 -4.713 1.690 8.724 1.571 0.998
Car -1 -1 -10 755 205 1017 355 1.5 1.8 4.2 2.553 1.723 8.927 1.571 0.994
Car -1 -1 -10 713 195 827 277 1.5 1.8 4.2 2.569 1.708 13.933 1.571 0.984
Car -1 -1 -10 891 172 1229 380 1.5 1.8 4.2 2.208 1.044 5.737 1.571 0.982
Car -1 -1 -10 665 192 719 230 1.5 1.8 4.2 2.594 1.841 25.346 1.571 0.970
Car -1 -1 -10 185 175 369 273 1.5 1.8 4.2 -5.086 1.512 12.999 1.571 0.912
Car -1 -1 -10 327 183 435 245 1.5 1.8 4.2 -4.883 1.521 17.319 1.571 0.876
Car -1 -1 -10 437 180 525 220 1.5 1.8 4.2 -4.879 1.766 29.132 1.571 0.749
Car -1 -1 -10 409 190 487 230 1.5 1.8 4.2 -5.163 1.804 24.879 1.571 0.739
Car -1 -1 -10 641 184 677 216 1.5 1.8 4.2 2.149 1.930 34.374 1.571 0.703
