Car -1 -1 -10 576 183 640 231 1.5 1.8 4.2 -0.106 1.637 22.421 1.571 0.998
Car -1 -1 -10 2 207 114 375 1.5 1.8 4.2 -3.796 1.368 6.985 1.571 0.997
Car -1 -1 -10 196 180 360 270 1.5 1.8 4.2 -5.651 1.637 14.262 1.571 0.996
Car -1 -1 -10 369 196 517 294 1.5 1.8 4.2 -2.275 1.609 11.686 1.571 0.994
Car -1 -1 -10 687 181 767 247 1.5 1.8 4.2 2.537 1.641 18.069 1.571 0.980
Car -1 -1 -10 716 195 816 285 1.5 1.8 4.2 2.097 1.547 12.057 1.571 0.979
Car -1 -1 -10 543 179 575 205 1.5 1.8 4.2 -2.817 1.697 41.412 1.571 0.973
Car -1 -1 -10 461 182 537 246 1.5 1.8 4.2 -2.360 1.520 17.094 1.571 0.910
Car -1 -1 -10 160 179 222 223 1.5 1.8 4.2 -14.575 1.738 27.118 1.571 0.809
Car -1 -1 -10 758 154 1138 374 1.5 1.8 4.2 2.498 1.521 7.557 1.571 0.794
Car -1 -1 -10 463 181 546 235 1.5 1.8 4.2 -2.141 1.644 21.190 1.571 0.759
Car -1 -1 -10 637 181 677 211 1.5 1.8 4.2 2.076 1.719 34.613 1.571 0.624
