Car -1 -1 -10 809 169 973 279 1.5 1.8 4.2 3.623 1.390 11.549 1.571 0.995
Car -1 -1 -10 908 169 1198 345 1.5 1.8 4.2 3.634 1.435 8.115 1.571 0.995
Car -1 -1 -10 740 179 858 249 1.5 1.8 4.2 3.247 1.330 14.704 1.571 0.988
Car -1 -1 -10 0 179 86 285 1.5 1.8 4.2 -9.717 1.911 14.396 1.571 0.983
Car -1 -1 -10 589 177 637 211 1.5 1.8 4.2 0.062 1.381 28.233 1.571 0.924
Car -1 -1 -10 704 172 784 228 1.5 1.8 4.2 3.023 1.265 18.658 1.571 0.794
Car -1 -1 -10 678 178 714 212 1.5 1.8 4.2 2.565 1.189 24.029 1.571 0.759
Car -1 -1 -10 647 170 679 196 1.5 1.8 4.2 3.126 1.261 45.150 1.571 0.721
Car -1 -1 -10 454 179 480 191 1.5 1.8 4.2 -11.732 1.485 61.163 1.571 0.668
Car -1 -1 -10 513 182 541 196 1.5 1.8 4.2 -6.055 1.680 54.476 1.571 0.652
