Car -1 -1 -10 3 210 347 372 1.5 1.8 4.2 -2.836 1.271 6.705 1.571 0.998
Car -1 -1 -10 320 198 454 294 1.5 1.8 4.2 -3.264 1.742 12.479 1.571 0.997
Car -1 -1 -10 783 188 1029 334 1.5 1.8 4.2 2.958 1.641 9.451 1.571 0.997
Car -1 -1 -10 921 227 1235 375 1.5 1.8 4.2 2.829 1.247 6.553 1.571 0.960
Car -1 -1 -10 715 176 819 270 1.5 1.8 4.2 2.731 1.723 14.900 1.571 0.925
Car -1 -1 -10 655 176 719 218 1.5 1.8 4.2 1.984 1.456 25.368 1.571 0.896
Car -1 -1 -10 460 169 532 231 1.5 1.8 4.2 -3.282 1.648 22.558 1.571 0.892
Car -1 -1 -10 527 172 561 198 1.5 1.8 4.2 -3.913 1.359 44.485 1.571 0.848
Car -1 -1 -10 677 180 762 236 1.5 1.8 4.2 1.725 1.305 17.014 1.571 0.665
Car -1 -1 -10 634 172 656 198 1.5 1.8 4.2 1.710 1.157 38.174 1.571 0.611
