Car -1 -1 -10 726 160 826 206 1.5 1.8 4.2 5.845 1.176 27.709 1.571 0.993
Car -1 -1 -10 963 147 1075 173 1.5 1.8 4.2 20.969 0.007 39.163 1.571 0.981
Car -1 -1 -10 1204 140 1240 180 1.5 1.8 4.2 22.766 0.266 28.994 1.571 0.957
Car -1 -1 -10 662 163 690 189 1.5 1.8 4.2 3.910 0.726 45.237 1.571 0.951
Car -1 -1 -10 585 171 605 187 1.5 1.8 4.2 -1.095 1.003 53.264 1.571 0.939
Car -1 -1 -10 508 174 550 206 1.5 1.8 4.2 -3.830 1.550 35.851 1.571 0.938
Car -1 -1 -10 556 174 572 190 1.5 1.8 4.2 -3.184 1.175 51.538 1.571 0.902
Car -1 -1 -10 637 170 655 184 1.5 1.8 4.2 2.766 0.865 58.108 1.571 0.822
Car -1 -1 -10 621 171 643 187 1.5 1.8 4.2 1.676 1.096 57.996 1.571 0.773
Car -1 -1 -10 942 147 1002 173 1.5 1.8 4.2 20.734 0.008 43.500 1.571 0.741
Car -1 -1 -10 542 171 560 197 1.5 1.8 4.2 -3.353 1.188 42.649 1.571 0.693
