Car -1 -1 -10 793 223 1047 377 1.5 1.8 4.2 2.296 1.551 7.581 1.571 0.997
Car -1 -1 -10 664 195 728 251 1.5 1.8 4.2 1.865 1.742 18.189 1.571 0.986
Car -1 -1 -10 713 196 821 282 1.5 1.8 4.2 2.478 1.761 13.740 1.571 0.984
Car -1 -1 -10 424 185 542 267 1.5 1.8 4.2 -2.492 1.807 15.955 1.571 0.939
Car -1 -1 -10 642 190 676 224 1.5 1.8 4.2 1.743 1.867 28.445 1.571 0.892
Car -1 -1 -10 616 188 640 204 1.5 1.8 4.2 1.381 2.437 58.553 1.571 0.786
Car -1 -1 -10 604 188 626 202 1.5 1.8 4.2 0.366 2.295 58.932 1.571 0.779
Car -1 -1 -10 552 183 595 211 1.5 1.8 4.2 -2.456 2.049 40.862 1.571 0.716
Car -1 -1 -10 567 184 601 206 1.5 1.8 4.2 -1.916 1.887 43.176 1.571 0.604
Car -1 -1 -10 488 188 556 232 1.5 1.8 4.2 -2.110 1.792 23.970 1.571 0.600
