Car -1 -1 -10 925 167 1057 231 1.5 1.8 4.2 8.366 1.284 18.043 1.571 0.996
Car -1 -1 -10 866 168 956 220 1.5 1.8 4.2 7.773 1.225 20.854 1.571 0.991
Car -1 -1 -10 453 180 521 230 1.5 1.8 4.2 -3.652 1.674 23.234 1.571 0.978
Car -1 -1 -10 1055 156 1199 230 1.5 1.8 4.2 10.820 1.202 17.275 1.571 0.970
Car -1 -1 -10 300 189 450 291 1.5 1.8 4.2 -3.394 1.678 12.348 1.571 0.966
Car -1 -1 -10 525 176 569 204 1.5 1.8 4.2 -2.406 1.473 36.226 1.571 0.960
Car -1 -1 -10 676 180 772 246 1.5 1.8 4.2 2.477 1.623 18.110 1.571 0.959
Car -1 -1 -10 -3 204 331 374 1.5 1.8 4.2 -3.332 1.476 7.395 1.571 0.936
Car -1 -1 -10 821 172 893 212 1.5 1.8 4.2 5.130 0.821 17.241 1.571 0.822
Car -1 -1 -10 421 183 467 201 1.5 1.8 4.2 -12.608 2.133 56.777 1.571 0.769
Car -1 -1 -10 498 164 558 216 1.5 1.8 4.2 -2.903 1.503 27.233 1.571 0.698
