Car -1 -1 -10 1142 151 1240 265 1.5 1.8 4.2 8.230 1.314 12.390 1.571 0.992
Car -1 -1 -10 1012 159 1174 245 1.5 1.8 4.2 8.070 1.213 14.237 1.571 0.992
Car -1 -1 -10 731 167 889 281 1.5 1.8 4.2 2.599 1.436 11.680 1.571 0.989
Car -1 -1 -10 942 160 1050 230 1.5 1.8 4.2 6.184 0.923 13.763 1.571 0.987
Car -1 -1 -10 -1 214 319 376 1.5 1.8 4.2 -3.009 1.328 6.819 1.571 0.976
Car -1 -1 -10 394 180 516 252 1.5 1.8 4.2 -3.226 1.620 16.871 1.571 0.965
Car -1 -1 -10 709 184 790 238 1.5 1.8 4.2 2.525 1.411 17.728 1.571 0.960
Car -1 -1 -10 567 176 621 194 1.5 1.8 4.2 -1.186 1.528 54.234 1.571 0.901
Car -1 -1 -10 528 178 570 206 1.5 1.8 4.2 -1.997 1.294 30.269 1.571 0.868
Car -1 -1 -10 895 163 985 219 1.5 1.8 4.2 8.338 1.173 20.443 1.571 0.788
