Car -1 -1 -10 6 228 436 376 1.5 1.8 4.2 -2.271 1.155 6.202 1.571 1.000
Car -1 -1 -10 753 202 1225 384 1.5 1.8 4.2 2.051 1.176 6.119 1.571 1.000
Car -1 -1 -10 708 178 846 286 1.5 1.8 4.2 2.294 1.592 12.252 1.571 0.993
Car -1 -1 -10 329 191 483 301 1.5 1.8 4.2 -2.554 1.569 10.934 1.571 0.993
Car -1 -1 -10 559 178 619 232 1.5 1.8 4.2 -0.650 1.691 22.727 1.571 0.992
Car -1 -1 -10 171 183 265 221 1.5 1.8 4.2 -14.771 1.808 29.204 1.571 0.979
Car -1 -1 -10 1 203 101 329 1.5 1.8 4.2 -5.387 1.488 8.979 1.571 0.974
Car -1 -1 -10 384 185 501 263 1.5 1.8 4.2 -2.291 1.409 13.379 1.571 0.956
Car -1 -1 -10 520 178 560 208 1.5 1.8 4.2 -3.449 1.711 37.236 1.571 0.935
Car -1 -1 -10 6 191 110 227 1.5 1.8 4.2 -14.853 1.452 21.449 1.571 0.929
Car -1 -1 -10 285 190 353 236 1.5 1.8 4.2 -6.696 1.441 18.574 1.571 0.743
Car -1 -1 -10 493 179 523 201 1.5 1.8 4.2 -7.391 2.031 54.166 1.571 0.721
Car -1 -1 -10 606 177 643 201 1.5 1.8 4.2 0.362 1.855 49.673 1.571 0.668
