Car -1 -1 -10 936 162 1210 250 1.5 1.8 4.2 8.098 1.358 14.805 1.571 0.998
Car -1 -1 -10 196 200 348 284 1.5 1.8 4.2 -5.925 1.930 14.631 1.571 0.998
Car -1 -1 -10 669 183 753 233 1.5 1.8 4.2 2.471 1.502 20.118 1.571 0.973
Car -1 -1 -10 863 149 1069 233 1.5 1.8 4.2 7.368 1.253 17.140 1.571 0.963
Car -1 -1 -10 5 229 221 377 1.5 1.8 4.2 -3.245 1.308 6.725 1.571 0.952
Car -1 -1 -10 353 203 425 247 1.5 1.8 4.2 -5.962 1.983 21.402 1.571 0.864
Car -1 -1 -10 503 185 534 205 1.5 1.8 4.2 -4.922 1.601 38.045 1.571 0.850
Car -1 -1 -10 521 178 539 204 1.5 1.8 4.2 -4.763 1.545 44.731 1.571 0.840
Car -1 -1 -10 805 163 927 221 1.5 1.8 4.2 7.228 1.368 22.611 1.571 0.795
Car -1 -1 -10 466 186 504 214 1.5 1.8 4.2 -5.882 1.922 35.810 1.571 0.792
Car -1 -1 -10 375 188 459 238 1.5 1.8 4.2 -5.585 1.868 22.793 1.571 0.778
