Car -1 -1 -10 737 186 861 262 1.5 1.8 4.2 3.167 1.519 14.398 1.571 0.998
Car -1 -1 -10 710 175 780 235 1.5 1.8 4.2 3.060 1.432 18.731 1.571 0.994
Car -1 -1 -10 481 180 539 216 1.5 1.8 4.2 -3.790 1.615 29.118 1.571 0.967
Car -1 -1 -10 601 179 625 191 1.5 1.8 4.2 0.206 1.415 58.362 1.571 0.963
Car -1 -1 -10 538 180 571 202 1.5 1.8 4.2 -2.522 1.507 39.418 1.571 0.939
Car -1 -1 -10 949 169 1119 213 1.5 1.8 4.2 10.781 1.025 20.532 1.571 0.923
Car -1 -1 -10 684 170 710 196 1.5 1.8 4.2 4.658 1.087 41.052 1.571 0.917
Car -1 -1 -10 1139 165 1241 241 1.5 1.8 4.2 10.964 1.294 15.806 1.571 0.907
Car -1 -1 -10 521 183 557 207 1.5 1.8 4.2 -2.876 1.536 34.554 1.571 0.776
Car -1 -1 -10 637 174 651 182 1.5 1.8 4.2 2.629 0.714 58.486 1.571 0.718
Car -1 -1 -10 502 179 547 209 1.5 1.8 4.2 -3.173 1.508 32.204 1.571 0.678
