Car -1 -1 -10 747 203 1117 377 1.5 1.8 4.2 2.028 1.323 6.776 1.571 0.998
Car -1 -1 -10 282 196 478 358 1.5 1.8 4.2 -2.137 1.673 8.620 1.571 0.993
Car -1 -1 -10 8 209 366 375 1.5 1.8 4.2 -1.987 0.920 5.386 1.571 0.991
Car -1 -1 -10 666 190 726 244 1.5 1.8 4.2 1.829 1.557 17.890 1.571 0.987
Car -1 -1 -10 430 196 518 282 1.5 1.8 4.2 -2.259 1.768 13.791 1.571 0.986
Car -1 -1 -10 710 188 822 280 1.5 1.8 4.2 2.365 1.662 13.294 1.571 0.977
Car -1 -1 -10 514 186 558 224 1.5 1.8 4.2 -2.713 1.843 28.097 1.571 0.900
Car -1 -1 -10 521 175 581 215 1.5 1.8 4.2 -1.968 1.762 32.279 1.571 0.807
Car -1 -1 -10 613 184 639 200 1.5 1.8 4.2 1.123 1.957 54.130 1.571 0.806
Car -1 -1 -10 563 182 602 208 1.5 1.8 4.2 -0.928 1.733 37.690 1.571 0.712
Car -1 -1 -10 637 186 655 200 1.5 1.8 4.2 2.574 1.963 54.289 1.571 0.654
