Car -1 -1 -10 1109 219 1237 377 1.5 1.8 4.2 3.595 1.325 6.783 1.571 0.989
Car -1 -1 -10 455 186 503 228 1.5 1.8 4.2 -4.392 1.828 26.028 1.571 0.981
Car -1 -1 -10 496 180 540 208 1.5 1.8 4.2 -4.103 1.762 38.288 1.571 0.969
Car -1 -1 -10 662 175 724 205 1.5 1.8 4.2 3.124 1.227 29.648 1.571 0.953
Car -1 -1 -10 165 176 481 370 1.5 1.8 4.2 -2.475 1.660 8.176 1.571 0.936
Car -1 -1 -10 881 145 1027 203 1.5 1.8 4.2 10.106 0.890 23.400 1.571 0.906
Car -1 -1 -10 612 180 642 206 1.5 1.8 4.2 0.842 1.718 39.496 1.571 0.775
Car -1 -1 -10 480 184 524 212 1.5 1.8 4.2 -4.134 1.668 32.847 1.571 0.716
Car -1 -1 -10 1019 142 1115 186 1.5 1.8 4.2 18.752 0.540 31.777 1.571 0.689
Car -1 -1 -10 593 172 623 184 1.5 1.8 4.2 -0.192 0.927 62.106 1.571 0.668
Car -1 -1 -10 469 184 513 212 1.5 1.8 4.2 -4.224 1.529 30.284 1.571 0.629
Car -1 -1 -10 1098 147 1166 181 1.5 1.8 4.2 22.746 0.355 33.599 1.571 0.617
