Car -1 -1 -10 895 155 1229 319 1.5 1.8 4.2 4.505 1.475 9.384 1.571 0.999
Car -1 -1 -10 203 192 437 338 1.5 1.8 4.2 -3.287 1.839 10.135 1.571 0.994
Car -1 -1 -10 422 187 506 259 1.5 1.8 4.2 -3.062 1.775 16.971 1.571 0.991
Car -1 -1 -10 484 185 536 235 1.5 1.8 4.2 -2.741 1.672 21.511 1.571 0.988
Car -1 -1 -10 3 232 195 374 1.5 1.8 4.2 -3.297 1.274 6.672 1.571 0.987
Car -1 -1 -10 743 173 809 211 1.5 1.8 4.2 6.053 1.401 28.610 1.571 0.957
Car -1 -1 -10 680 180 752 234 1.5 1.8 4.2 2.631 1.547 20.357 1.571 0.942
Car -1 -1 -10 517 179 549 215 1.5 1.8 4.2 -3.023 1.630 30.005 1.571 0.863
Car -1 -1 -10 511 182 562 216 1.5 1.8 4.2 -2.530 1.787 31.997 1.571 0.853
Car -1 -1 -10 850 169 928 231 1.5 1.8 4.2 4.960 1.045 15.067 1.571 0.821
