Car -1 -1 -10 460 175 618 271 1.5 1.8 4.2 -1.205 1.590 13.789 1.571 0.998
Car -1 -1 -10 823 187 1033 349 1.5 1.8 4.2 2.780 1.572 8.540 1.571 0.984
Car -1 -1 -10 759 168 801 202 1.5 1.8 4.2 6.934 1.196 31.718 1.571 0.950
Car -1 -1 -10 575 173 634 211 1.5 1.8 4.2 0.247 1.397 28.538 1.571 0.929
Car -1 -1 -10 909 231 1241 363 1.5 1.8 4.2 2.141 0.900 5.515 1.571 0.929
Car -1 -1 -10 639 162 689 194 1.5 1.8 4.2 2.692 1.070 38.607 1.571 0.913
Car -1 -1 -10 942 147 1072 213 1.5 1.8 4.2 9.883 1.004 20.155 1.571 0.807
Car -1 -1 -10 801 158 873 198 1.5 1.8 4.2 11.734 1.304 39.522 1.571 0.686
Car -1 -1 -10 805 171 931 247 1.5 1.8 4.2 2.498 0.734 9.246 1.571 0.676
Car -1 -1 -10 445 179 475 189 1.5 1.8 4.2 -11.196 1.202 55.814 1.571 0.653
