Car -1 -1 -10 283 185 355 239 1.5 1.8 4.2 -7.935 1.792 21.649 1.571 0.993
Car -1 -1 -10 143 185 299 269 1.5 1.8 4.2 -7.840 1.924 16.544 1.571 0.962
Car -1 -1 -10 490 182 534 208 1.5 1.8 4.2 -4.625 1.550 35.846 1.571 0.956
Car -1 -1 -10 387 183 439 215 1.5 1.8 4.2 -7.860 1.672 30.724 1.571 0.941
Car -1 -1 -10 342 188 400 226 1.5 1.8 4.2 -8.136 1.798 26.520 1.571 0.913
Car -1 -1 -10 659 171 687 197 1.5 1.8 4.2 3.681 1.365 44.671 1.571 0.906
Car -1 -1 -10 1158 142 1240 174 1.5 1.8 4.2 28.847 0.056 37.487 1.571 0.885
Car -1 -1 -10 633 166 659 192 1.5 1.8 4.2 2.307 1.114 49.011 1.571 0.833
Car -1 -1 -10 1003 149 1133 175 1.5 1.8 4.2 12.119 0.004 21.272 1.571 0.795
Car -1 -1 -10 683 170 705 188 1.5 1.8 4.2 6.070 1.100 54.495 1.571 0.732
