Car -1 -1 -10 819 193 1119 357 1.5 1.8 4.2 3.072 1.606 8.392 1.571 0.999
Car -1 -1 -10 290 203 458 307 1.5 1.8 4.2 -3.175 1.773 11.635 1.571 0.994
Car -1 -1 -10 12 221 296 371 1.5 1.8 4.2 -2.655 1.127 6.207 1.571 0.986
Car -1 -1 -10 999 229 1233 375 1.5 1.8 4.2 2.898 1.181 6.318 1.571 0.981
Car -1 -1 -10 671 178 738 222 1.5 1.8 4.2 2.491 1.560 25.002 1.571 0.961
Car -1 -1 -10 732 173 854 279 1.5 1.8 4.2 2.913 1.721 13.802 1.571 0.948
Car -1 -1 -10 540 176 574 200 1.5 1.8 4.2 -3.109 1.573 43.928 1.571 0.845
Car -1 -1 -10 693 179 753 243 1.5 1.8 4.2 2.077 1.322 15.705 1.571 0.832
Car -1 -1 -10 652 175 698 205 1.5 1.8 4.2 2.358 1.512 36.046 1.571 0.733
Car -1 -1 -10 639 174 673 196 1.5 1.8 4.2 2.010 1.281 42.042 1.571 0.644
