Car -1 -1 -10 479 183 625 263 1.5 1.8 4.2 -1.116 1.649 15.304 1.571 0.995
Car -1 -1 -10 337 185 429 217 1.5 1.8 4.2 -8.132 1.572 27.801 1.571 0.986
Car -1 -1 -10 -2 196 142 266 1.5 1.8 4.2 -11.021 1.892 16.755 1.571 0.969
Car -1 -1 -10 664 172 694 198 1.5 1.8 4.2 3.893 1.432 43.198 1.571 0.928
Car -1 -1 -10 1202 155 1236 171 1.5 1.8 4.2 44.327 -0.135 54.654 1.571 0.910
Car -1 -1 -10 1170 156 1202 174 1.5 1.8 4.2 40.041 0.079 52.297 1.571 0.877
Car -1 -1 -10 467 181 503 207 1.5 1.8 4.2 -7.472 1.912 45.025 1.571 0.719
Car -1 -1 -10 1039 155 1079 181 1.5 1.8 4.2 25.908 0.239 43.792 1.571 0.702
Car -1 -1 -10 1136 153 1172 179 1.5 1.8 4.2 34.786 0.073 48.284 1.571 0.690
Car -1 -1 -10 1104 154 1140 180 1.5 1.8 4.2 29.762 0.183 44.094 1.571 0.605
