Car -1 -1 -10 828 219 1238 369 1.5 1.8 4.2 2.410 1.145 6.312 1.571 0.999
Car -1 -1 -10 456 186 508 238 1.5 1.8 4.2 -3.423 1.716 21.110 1.571 0.992
Car -1 -1 -10 1 206 243 376 1.5 1.8 4.2 -2.930 1.195 6.344 1.571 0.989
Car -1 -1 -10 909 171 1039 229 1.5 1.8 4.2 7.499 1.165 17.070 1.571 0.955
Car -1 -1 -10 342 182 468 266 1.5 1.8 4.2 -3.229 1.781 15.900 1.571 0.942
Car -1 -1 -10 1136 170 1240 258 1.5 1.8 4.2 7.950 1.179 12.094 1.571 0.929
Car -1 -1 -10 978 165 1158 227 1.5 1.8 4.2 8.121 0.966 14.979 1.571 0.882
Car -1 -1 -10 794 157 948 227 1.5 1.8 4.2 6.205 1.298 19.396 1.571 0.744
Car -1 -1 -10 174 156 444 340 1.5 1.8 4.2 -3.145 1.714 9.501 1.571 0.718
Car -1 -1 -10 782 157 870 209 1.5 1.8 4.2 6.145 1.036 22.792 1.571 0.674
