Car -1 -1 -10 448 184 546 240 1.5 1.8 4.2 -2.839 1.656 19.898 1.571 0.996
Car -1 -1 -10 773 183 915 277 1.5 1.8 4.2 3.671 1.658 13.590 1.571 0.995
Car -1 -1 -10 41 193 395 369 1.5 1.8 4.2 -3.484 1.714 8.406 1.571 0.991
Car -1 -1 -10 743 180 815 242 1.5 1.8 4.2 3.661 1.519 17.953 1.571 0.989
Car -1 -1 -10 714 177 768 223 1.5 1.8 4.2 4.015 1.555 24.480 1.571 0.948
Car -1 -1 -10 328 186 366 200 1.5 1.8 4.2 -19.034 1.961 54.235 1.571 0.913
Car -1 -1 -10 579 180 623 204 1.5 1.8 4.2 -0.476 1.507 37.016 1.571 0.858
Car -1 -1 -10 679 172 709 198 1.5 1.8 4.2 5.189 1.377 46.969 1.571 0.815
Car -1 -1 -10 522 178 581 216 1.5 1.8 4.2 -1.807 1.728 30.998 1.571 0.801
Car -1 -1 -10 499 182 559 222 1.5 1.8 4.2 -2.179 1.563 25.050 1.571 0.642
