Car -1 -1 -10 1033 203 1239 351 1.5 1.8 4.2 4.946 1.694 8.964 1.571 0.997
Car -1 -1 -10 930 174 1142 298 1.5 1.8 4.2 5.277 1.567 11.135 1.571 0.989
Car -1 -1 -10 3 195 175 351 1.5 1.8 4.2 -5.754 1.948 9.990 1.571 0.987
Car -1 -1 -10 734 183 892 243 1.5 1.8 4.2 5.058 1.765 20.260 1.571 0.984
Car -1 -1 -10 99 185 345 317 1.5 1.8 4.2 -4.708 1.728 10.749 1.571 0.982
Car -1 -1 -10 193 191 367 271 1.5 1.8 4.2 -5.339 1.571 13.653 1.571 0.944
Car -1 -1 -10 633 183 679 213 1.5 1.8 4.2 1.888 1.686 32.402 1.571 0.920
Car -1 -1 -10 382 186 442 234 1.5 1.8 4.2 -4.800 1.466 19.403 1.571 0.912
Car -1 -1 -10 422 178 504 218 1.5 1.8 4.2 -5.471 1.666 28.730 1.571 0.859
Car -1 -1 -10 -2 227 72 373 1.5 1.8 4.2 -4.898 1.684 8.173 1.571 0.752
Car -1 -1 -10 254 179 424 247 1.5 1.8 4.2 -4.978 1.347 15.209 1.571 0.668
