Car -1 -1 -10 -1 194 333 384 1.5 1.8 4.2 -3.085 1.439 7.018 1.571 0.993
Car -1 -1 -10 468 178 504 202 1.5 1.8 4.2 -6.884 1.609 41.937 1.571 0.953
Car -1 -1 -10 631 164 721 196 1.5 1.8 4.2 1.898 0.682 23.383 1.571 0.935
Car -1 -1 -10 589 172 609 188 1.5 1.8 4.2 -0.815 1.079 53.535 1.571 0.856
Car -1 -1 -10 523 176 539 186 1.5 1.8 4.2 -6.374 1.056 60.075 1.571 0.846
Car -1 -1 -10 552 173 574 187 1.5 1.8 4.2 -4.013 1.200 63.327 1.571 0.718
Car -1 -1 -10 506 178 518 188 1.5 1.8 4.2 -7.785 1.199 59.219 1.571 0.701
Car -1 -1 -10 843 152 905 178 1.5 1.8 4.2 3.681 0.030 12.313 1.571 0.672
Car -1 -1 -10 491 171 509 197 1.5 1.8 4.2 -7.199 1.182 49.099 1.571 0.639
Car -1 -1 -10 764 155 794 171 1.5 1.8 4.2 13.887 -0.153 61.502 1.571 0.621
Car -1 -1 -10 571 172 587 186 1.5 1.8 4.2 -2.646 1.111 63.109 1.571 0.614
