Car -1 -1 -10 974 193 1236 351 1.5 1.8 4.2 4.771 1.738 9.139 1.571 0.998
Car -1 -1 -10 -3 185 151 355 1.5 1.8 4.2 -4.979 1.672 8.724 1.571 0.998
Car -1 -1 -10 913 189 1071 293 1.5 1.8 4.2 4.434 1.412 10.582 1.571 0.994
Car -1 -1 -10 817 189 979 277 1.5 1.8 4.2 4.673 1.709 13.945 1.571 0.994
Car -1 -1 -10 1184 242 1240 372 1.5 1.8 4.2 4.413 1.479 7.460 1.571 0.993
Car -1 -1 -10 94 171 326 277 1.5 1.8 4.2 -5.898 1.521 12.638 1.571 0.992
Car -1 -1 -10 761 178 891 252 1.5 1.8 4.2 4.417 1.638 17.031 1.571 0.973
Car -1 -1 -10 629 182 681 216 1.5 1.8 4.2 1.632 1.608 28.999 1.571 0.958
Car -1 -1 -10 353 180 479 208 1.5 1.8 4.2 -5.933 1.066 23.984 1.571 0.856
Car -1 -1 -10 517 176 541 192 1.5 1.8 4.2 -6.296 1.481 57.935 1.571 0.701
Car -1 -1 -10 615 176 637 202 1.5 1.8 4.2 0.816 1.450 40.638 1.571 0.668
Car -1 -1 -10 419 181 485 205 1.5 1.8 4.2 -5.443 1.098 26.744 1.571 0.608
