Car -1 -1 -10 816 197 1064 345 1.5 1.8 4.2 3.298 1.750 9.438 1.571 0.995
Car -1 -1 -10 453 185 535 231 1.5 1.8 4.2 -3.692 1.826 24.762 1.571 0.989
Car -1 -1 -10 757 184 887 268 1.5 1.8 4.2 3.736 1.701 15.000 1.571 0.957
Car -1 -1 -10 563 181 595 199 1.5 1.8 4.2 -2.187 1.817 52.263 1.571 0.947
Car -1 -1 -10 725 183 789 237 1.5 1.8 4.2 3.461 1.532 19.341 1.571 0.927
Car -1 -1 -10 1017 182 1235 372 1.5 1.8 4.2 2.947 1.160 6.304 1.571 0.769
Car -1 -1 -10 712 185 776 227 1.5 1.8 4.2 3.481 1.619 23.685 1.571 0.755
Car -1 -1 -10 692 182 724 216 1.5 1.8 4.2 3.564 1.589 28.676 1.571 0.719
Car -1 -1 -10 533 187 557 211 1.5 1.8 4.2 -2.845 1.644 33.198 1.571 0.658
Car -1 -1 -10 683 180 725 208 1.5 1.8 4.2 3.861 1.652 36.029 1.571 0.646
