Car -1 -1 -10 707 195 873 295 1.5 1.8 4.2 2.375 1.650 11.847 1.571 0.998
Car -1 -1 -10 490 191 548 235 1.5 1.8 4.2 -2.708 1.815 23.179 1.571 0.992
Car -1 -1 -10 689 192 763 254 1.5 1.8 4.2 2.203 1.579 16.139 1.571 0.987
Car -1 -1 -10 346 201 488 295 1.5 1.8 4.2 -2.635 1.632 11.742 1.571 0.977
Car -1 -1 -10 633 180 657 206 1.5 1.8 4.2 2.005 1.816 44.178 1.571 0.976
Car -1 -1 -10 573 185 587 197 1.5 1.8 4.2 -2.298 1.826 56.669 1.571 0.936
Car -1 -1 -10 42 215 440 377 1.5 1.8 4.2 -2.717 1.470 7.297 1.571 0.900
Car -1 -1 -10 535 187 567 213 1.5 1.8 4.2 -2.540 1.698 32.630 1.571 0.843
Car -1 -1 -10 663 184 721 236 1.5 1.8 4.2 2.197 1.730 21.877 1.571 0.796
Car -1 -1 -10 653 176 707 222 1.5 1.8 4.2 2.003 1.440 23.252 1.571 0.766
